# rem_bits first_diff input_index output_index
11 0 0 2048
10 0 2048 13312
9 0 13312 41472
8 0 41472 83712
7 0 83712 125952
6 0 125952 155520
5 0 155520 170304
4 0 170304 175584
3 0 175584 176904
2 0 176904 177124
1 0 177124 177146
1 1 177126 177147
2 1 176908 177128
1 1 177128 177147
2 2 176912 177130
3 1 175592 176916
2 1 176916 177130
1 1 177130 177147
2 2 176920 177132
3 2 175600 176924
2 2 176924 177132
3 3 175608 176928
4 1 170320 175616
3 1 175616 176928
2 1 176928 177132
1 1 177132 177147
2 2 176932 177134
3 2 175624 176936
2 2 176936 177134
3 3 175632 176940
4 2 170336 175640
3 2 175640 176940
2 2 176940 177134
3 3 175648 176944
4 3 170352 175656
3 3 175656 176944
4 4 170368 175664
5 1 155552 170384
4 1 170384 175664
3 1 175664 176944
2 1 176944 177134
1 1 177134 177147
2 2 176948 177136
3 2 175672 176952
2 2 176952 177136
3 3 175680 176956
4 2 170400 175688
3 2 175688 176956
2 2 176956 177136
3 3 175696 176960
4 3 170416 175704
3 3 175704 176960
4 4 170432 175712
5 2 155584 170448
4 2 170448 175712
3 2 175712 176960
2 2 176960 177136
3 3 175720 176964
4 3 170464 175728
3 3 175728 176964
4 4 170480 175736
5 3 155616 170496
4 3 170496 175736
3 3 175736 176964
4 4 170512 175744
5 4 155648 170528
4 4 170528 175744
5 5 155680 170544
6 1 126016 155712
5 1 155712 170544
4 1 170544 175744
3 1 175744 176964
2 1 176964 177136
1 1 177136 177147
2 2 176968 177138
3 2 175752 176972
2 2 176972 177138
3 3 175760 176976
4 2 170560 175768
3 2 175768 176976
2 2 176976 177138
3 3 175776 176980
4 3 170576 175784
3 3 175784 176980
4 4 170592 175792
5 2 155744 170608
4 2 170608 175792
3 2 175792 176980
2 2 176980 177138
3 3 175800 176984
4 3 170624 175808
3 3 175808 176984
4 4 170640 175816
5 3 155776 170656
4 3 170656 175816
3 3 175816 176984
4 4 170672 175824
5 4 155808 170688
4 4 170688 175824
5 5 155840 170704
6 2 126080 155872
5 2 155872 170704
4 2 170704 175824
3 2 175824 176984
2 2 176984 177138
3 3 175832 176988
4 3 170720 175840
3 3 175840 176988
4 4 170736 175848
5 3 155904 170752
4 3 170752 175848
3 3 175848 176988
4 4 170768 175856
5 4 155936 170784
4 4 170784 175856
5 5 155968 170800
6 3 126144 156000
5 3 156000 170800
4 3 170800 175856
3 3 175856 176988
4 4 170816 175864
5 4 156032 170832
4 4 170832 175864
5 5 156064 170848
6 4 126208 156096
5 4 156096 170848
4 4 170848 175864
5 5 156128 170864
6 5 126272 156160
5 5 156160 170864
6 6 126336 156192
7 1 83840 126400
6 1 126400 156192
5 1 156192 170864
4 1 170864 175864
3 1 175864 176988
2 1 176988 177138
1 1 177138 177147
2 2 176992 177140
3 2 175872 176996
2 2 176996 177140
3 3 175880 177000
4 2 170880 175888
3 2 175888 177000
2 2 177000 177140
3 3 175896 177004
4 3 170896 175904
3 3 175904 177004
4 4 170912 175912
5 2 156224 170928
4 2 170928 175912
3 2 175912 177004
2 2 177004 177140
3 3 175920 177008
4 3 170944 175928
3 3 175928 177008
4 4 170960 175936
5 3 156256 170976
4 3 170976 175936
3 3 175936 177008
4 4 170992 175944
5 4 156288 171008
4 4 171008 175944
5 5 156320 171024
6 2 126464 156352
5 2 156352 171024
4 2 171024 175944
3 2 175944 177008
2 2 177008 177140
3 3 175952 177012
4 3 171040 175960
3 3 175960 177012
4 4 171056 175968
5 3 156384 171072
4 3 171072 175968
3 3 175968 177012
4 4 171088 175976
5 4 156416 171104
4 4 171104 175976
5 5 156448 171120
6 3 126528 156480
5 3 156480 171120
4 3 171120 175976
3 3 175976 177012
4 4 171136 175984
5 4 156512 171152
4 4 171152 175984
5 5 156544 171168
6 4 126592 156576
5 4 156576 171168
4 4 171168 175984
5 5 156608 171184
6 5 126656 156640
5 5 156640 171184
6 6 126720 156672
7 2 83968 126784
6 2 126784 156672
5 2 156672 171184
4 2 171184 175984
3 2 175984 177012
2 2 177012 177140
3 3 175992 177016
4 3 171200 176000
3 3 176000 177016
4 4 171216 176008
5 3 156704 171232
4 3 171232 176008
3 3 176008 177016
4 4 171248 176016
5 4 156736 171264
4 4 171264 176016
5 5 156768 171280
6 3 126848 156800
5 3 156800 171280
4 3 171280 176016
3 3 176016 177016
4 4 171296 176024
5 4 156832 171312
4 4 171312 176024
5 5 156864 171328
6 4 126912 156896
5 4 156896 171328
4 4 171328 176024
5 5 156928 171344
6 5 126976 156960
5 5 156960 171344
6 6 127040 156992
7 3 84096 127104
6 3 127104 156992
5 3 156992 171344
4 3 171344 176024
3 3 176024 177016
4 4 171360 176032
5 4 157024 171376
4 4 171376 176032
5 5 157056 171392
6 4 127168 157088
5 4 157088 171392
4 4 171392 176032
5 5 157120 171408
6 5 127232 157152
5 5 157152 171408
6 6 127296 157184
7 4 84224 127360
6 4 127360 157184
5 4 157184 171408
4 4 171408 176032
5 5 157216 171424
6 5 127424 157248
5 5 157248 171424
6 6 127488 157280
7 5 84352 127552
6 5 127552 157280
5 5 157280 171424
6 6 127616 157312
7 6 84480 127680
6 6 127680 157312
7 7 84608 127744
8 1 41728 84736
7 1 84736 127744
6 1 127744 157312
5 1 157312 171424
4 1 171424 176032
3 1 176032 177016
2 1 177016 177140
1 1 177140 177147
2 2 177020 177142
3 2 176040 177024
2 2 177024 177142
3 3 176048 177028
4 2 171440 176056
3 2 176056 177028
2 2 177028 177142
3 3 176064 177032
4 3 171456 176072
3 3 176072 177032
4 4 171472 176080
5 2 157344 171488
4 2 171488 176080
3 2 176080 177032
2 2 177032 177142
3 3 176088 177036
4 3 171504 176096
3 3 176096 177036
4 4 171520 176104
5 3 157376 171536
4 3 171536 176104
3 3 176104 177036
4 4 171552 176112
5 4 157408 171568
4 4 171568 176112
5 5 157440 171584
6 2 127808 157472
5 2 157472 171584
4 2 171584 176112
3 2 176112 177036
2 2 177036 177142
3 3 176120 177040
4 3 171600 176128
3 3 176128 177040
4 4 171616 176136
5 3 157504 171632
4 3 171632 176136
3 3 176136 177040
4 4 171648 176144
5 4 157536 171664
4 4 171664 176144
5 5 157568 171680
6 3 127872 157600
5 3 157600 171680
4 3 171680 176144
3 3 176144 177040
4 4 171696 176152
5 4 157632 171712
4 4 171712 176152
5 5 157664 171728
6 4 127936 157696
5 4 157696 171728
4 4 171728 176152
5 5 157728 171744
6 5 128000 157760
5 5 157760 171744
6 6 128064 157792
7 2 84864 128128
6 2 128128 157792
5 2 157792 171744
4 2 171744 176152
3 2 176152 177040
2 2 177040 177142
3 3 176160 177044
4 3 171760 176168
3 3 176168 177044
4 4 171776 176176
5 3 157824 171792
4 3 171792 176176
3 3 176176 177044
4 4 171808 176184
5 4 157856 171824
4 4 171824 176184
5 5 157888 171840
6 3 128192 157920
5 3 157920 171840
4 3 171840 176184
3 3 176184 177044
4 4 171856 176192
5 4 157952 171872
4 4 171872 176192
5 5 157984 171888
6 4 128256 158016
5 4 158016 171888
4 4 171888 176192
5 5 158048 171904
6 5 128320 158080
5 5 158080 171904
6 6 128384 158112
7 3 84992 128448
6 3 128448 158112
5 3 158112 171904
4 3 171904 176192
3 3 176192 177044
4 4 171920 176200
5 4 158144 171936
4 4 171936 176200
5 5 158176 171952
6 4 128512 158208
5 4 158208 171952
4 4 171952 176200
5 5 158240 171968
6 5 128576 158272
5 5 158272 171968
6 6 128640 158304
7 4 85120 128704
6 4 128704 158304
5 4 158304 171968
4 4 171968 176200
5 5 158336 171984
6 5 128768 158368
5 5 158368 171984
6 6 128832 158400
7 5 85248 128896
6 5 128896 158400
5 5 158400 171984
6 6 128960 158432
7 6 85376 129024
6 6 129024 158432
7 7 85504 129088
8 2 41984 85632
7 2 85632 129088
6 2 129088 158432
5 2 158432 171984
4 2 171984 176200
3 2 176200 177044
2 2 177044 177142
3 3 176208 177048
4 3 172000 176216
3 3 176216 177048
4 4 172016 176224
5 3 158464 172032
4 3 172032 176224
3 3 176224 177048
4 4 172048 176232
5 4 158496 172064
4 4 172064 176232
5 5 158528 172080
6 3 129152 158560
5 3 158560 172080
4 3 172080 176232
3 3 176232 177048
4 4 172096 176240
5 4 158592 172112
4 4 172112 176240
5 5 158624 172128
6 4 129216 158656
5 4 158656 172128
4 4 172128 176240
5 5 158688 172144
6 5 129280 158720
5 5 158720 172144
6 6 129344 158752
7 3 85760 129408
6 3 129408 158752
5 3 158752 172144
4 3 172144 176240
3 3 176240 177048
4 4 172160 176248
5 4 158784 172176
4 4 172176 176248
5 5 158816 172192
6 4 129472 158848
5 4 158848 172192
4 4 172192 176248
5 5 158880 172208
6 5 129536 158912
5 5 158912 172208
6 6 129600 158944
7 4 85888 129664
6 4 129664 158944
5 4 158944 172208
4 4 172208 176248
5 5 158976 172224
6 5 129728 159008
5 5 159008 172224
6 6 129792 159040
7 5 86016 129856
6 5 129856 159040
5 5 159040 172224
6 6 129920 159072
7 6 86144 129984
6 6 129984 159072
7 7 86272 130048
8 3 42240 86400
7 3 86400 130048
6 3 130048 159072
5 3 159072 172224
4 3 172224 176248
3 3 176248 177048
4 4 172240 176256
5 4 159104 172256
4 4 172256 176256
5 5 159136 172272
6 4 130112 159168
5 4 159168 172272
4 4 172272 176256
5 5 159200 172288
6 5 130176 159232
5 5 159232 172288
6 6 130240 159264
7 4 86528 130304
6 4 130304 159264
5 4 159264 172288
4 4 172288 176256
5 5 159296 172304
6 5 130368 159328
5 5 159328 172304
6 6 130432 159360
7 5 86656 130496
6 5 130496 159360
5 5 159360 172304
6 6 130560 159392
7 6 86784 130624
6 6 130624 159392
7 7 86912 130688
8 4 42496 87040
7 4 87040 130688
6 4 130688 159392
5 4 159392 172304
4 4 172304 176256
5 5 159424 172320
6 5 130752 159456
5 5 159456 172320
6 6 130816 159488
7 5 87168 130880
6 5 130880 159488
5 5 159488 172320
6 6 130944 159520
7 6 87296 131008
6 6 131008 159520
7 7 87424 131072
8 5 42752 87552
7 5 87552 131072
6 5 131072 159520
5 5 159520 172320
6 6 131136 159552
7 6 87680 131200
6 6 131200 159552
7 7 87808 131264
8 6 43008 87936
7 6 87936 131264
6 6 131264 159552
7 7 88064 131328
8 7 43264 88192
7 7 88192 131328
8 8 43520 88320
9 1 13824 43776
8 1 43776 88320
7 1 88320 131328
6 1 131328 159552
5 1 159552 172320
4 1 172320 176256
3 1 176256 177048
2 1 177048 177142
1 1 177142 177147
2 2 177052 177144
3 2 176264 177056
2 2 177056 177144
3 3 176272 177060
4 2 172336 176280
3 2 176280 177060
2 2 177060 177144
3 3 176288 177064
4 3 172352 176296
3 3 176296 177064
4 4 172368 176304
5 2 159584 172384
4 2 172384 176304
3 2 176304 177064
2 2 177064 177144
3 3 176312 177068
4 3 172400 176320
3 3 176320 177068
4 4 172416 176328
5 3 159616 172432
4 3 172432 176328
3 3 176328 177068
4 4 172448 176336
5 4 159648 172464
4 4 172464 176336
5 5 159680 172480
6 2 131392 159712
5 2 159712 172480
4 2 172480 176336
3 2 176336 177068
2 2 177068 177144
3 3 176344 177072
4 3 172496 176352
3 3 176352 177072
4 4 172512 176360
5 3 159744 172528
4 3 172528 176360
3 3 176360 177072
4 4 172544 176368
5 4 159776 172560
4 4 172560 176368
5 5 159808 172576
6 3 131456 159840
5 3 159840 172576
4 3 172576 176368
3 3 176368 177072
4 4 172592 176376
5 4 159872 172608
4 4 172608 176376
5 5 159904 172624
6 4 131520 159936
5 4 159936 172624
4 4 172624 176376
5 5 159968 172640
6 5 131584 160000
5 5 160000 172640
6 6 131648 160032
7 2 88448 131712
6 2 131712 160032
5 2 160032 172640
4 2 172640 176376
3 2 176376 177072
2 2 177072 177144
3 3 176384 177076
4 3 172656 176392
3 3 176392 177076
4 4 172672 176400
5 3 160064 172688
4 3 172688 176400
3 3 176400 177076
4 4 172704 176408
5 4 160096 172720
4 4 172720 176408
5 5 160128 172736
6 3 131776 160160
5 3 160160 172736
4 3 172736 176408
3 3 176408 177076
4 4 172752 176416
5 4 160192 172768
4 4 172768 176416
5 5 160224 172784
6 4 131840 160256
5 4 160256 172784
4 4 172784 176416
5 5 160288 172800
6 5 131904 160320
5 5 160320 172800
6 6 131968 160352
7 3 88576 132032
6 3 132032 160352
5 3 160352 172800
4 3 172800 176416
3 3 176416 177076
4 4 172816 176424
5 4 160384 172832
4 4 172832 176424
5 5 160416 172848
6 4 132096 160448
5 4 160448 172848
4 4 172848 176424
5 5 160480 172864
6 5 132160 160512
5 5 160512 172864
6 6 132224 160544
7 4 88704 132288
6 4 132288 160544
5 4 160544 172864
4 4 172864 176424
5 5 160576 172880
6 5 132352 160608
5 5 160608 172880
6 6 132416 160640
7 5 88832 132480
6 5 132480 160640
5 5 160640 172880
6 6 132544 160672
7 6 88960 132608
6 6 132608 160672
7 7 89088 132672
8 2 44032 89216
7 2 89216 132672
6 2 132672 160672
5 2 160672 172880
4 2 172880 176424
3 2 176424 177076
2 2 177076 177144
3 3 176432 177080
4 3 172896 176440
3 3 176440 177080
4 4 172912 176448
5 3 160704 172928
4 3 172928 176448
3 3 176448 177080
4 4 172944 176456
5 4 160736 172960
4 4 172960 176456
5 5 160768 172976
6 3 132736 160800
5 3 160800 172976
4 3 172976 176456
3 3 176456 177080
4 4 172992 176464
5 4 160832 173008
4 4 173008 176464
5 5 160864 173024
6 4 132800 160896
5 4 160896 173024
4 4 173024 176464
5 5 160928 173040
6 5 132864 160960
5 5 160960 173040
6 6 132928 160992
7 3 89344 132992
6 3 132992 160992
5 3 160992 173040
4 3 173040 176464
3 3 176464 177080
4 4 173056 176472
5 4 161024 173072
4 4 173072 176472
5 5 161056 173088
6 4 133056 161088
5 4 161088 173088
4 4 173088 176472
5 5 161120 173104
6 5 133120 161152
5 5 161152 173104
6 6 133184 161184
7 4 89472 133248
6 4 133248 161184
5 4 161184 173104
4 4 173104 176472
5 5 161216 173120
6 5 133312 161248
5 5 161248 173120
6 6 133376 161280
7 5 89600 133440
6 5 133440 161280
5 5 161280 173120
6 6 133504 161312
7 6 89728 133568
6 6 133568 161312
7 7 89856 133632
8 3 44288 89984
7 3 89984 133632
6 3 133632 161312
5 3 161312 173120
4 3 173120 176472
3 3 176472 177080
4 4 173136 176480
5 4 161344 173152
4 4 173152 176480
5 5 161376 173168
6 4 133696 161408
5 4 161408 173168
4 4 173168 176480
5 5 161440 173184
6 5 133760 161472
5 5 161472 173184
6 6 133824 161504
7 4 90112 133888
6 4 133888 161504
5 4 161504 173184
4 4 173184 176480
5 5 161536 173200
6 5 133952 161568
5 5 161568 173200
6 6 134016 161600
7 5 90240 134080
6 5 134080 161600
5 5 161600 173200
6 6 134144 161632
7 6 90368 134208
6 6 134208 161632
7 7 90496 134272
8 4 44544 90624
7 4 90624 134272
6 4 134272 161632
5 4 161632 173200
4 4 173200 176480
5 5 161664 173216
6 5 134336 161696
5 5 161696 173216
6 6 134400 161728
7 5 90752 134464
6 5 134464 161728
5 5 161728 173216
6 6 134528 161760
7 6 90880 134592
6 6 134592 161760
7 7 91008 134656
8 5 44800 91136
7 5 91136 134656
6 5 134656 161760
5 5 161760 173216
6 6 134720 161792
7 6 91264 134784
6 6 134784 161792
7 7 91392 134848
8 6 45056 91520
7 6 91520 134848
6 6 134848 161792
7 7 91648 134912
8 7 45312 91776
7 7 91776 134912
8 8 45568 91904
9 2 14336 45824
8 2 45824 91904
7 2 91904 134912
6 2 134912 161792
5 2 161792 173216
4 2 173216 176480
3 2 176480 177080
2 2 177080 177144
3 3 176488 177084
4 3 173232 176496
3 3 176496 177084
4 4 173248 176504
5 3 161824 173264
4 3 173264 176504
3 3 176504 177084
4 4 173280 176512
5 4 161856 173296
4 4 173296 176512
5 5 161888 173312
6 3 134976 161920
5 3 161920 173312
4 3 173312 176512
3 3 176512 177084
4 4 173328 176520
5 4 161952 173344
4 4 173344 176520
5 5 161984 173360
6 4 135040 162016
5 4 162016 173360
4 4 173360 176520
5 5 162048 173376
6 5 135104 162080
5 5 162080 173376
6 6 135168 162112
7 3 92032 135232
6 3 135232 162112
5 3 162112 173376
4 3 173376 176520
3 3 176520 177084
4 4 173392 176528
5 4 162144 173408
4 4 173408 176528
5 5 162176 173424
6 4 135296 162208
5 4 162208 173424
4 4 173424 176528
5 5 162240 173440
6 5 135360 162272
5 5 162272 173440
6 6 135424 162304
7 4 92160 135488
6 4 135488 162304
5 4 162304 173440
4 4 173440 176528
5 5 162336 173456
6 5 135552 162368
5 5 162368 173456
6 6 135616 162400
7 5 92288 135680
6 5 135680 162400
5 5 162400 173456
6 6 135744 162432
7 6 92416 135808
6 6 135808 162432
7 7 92544 135872
8 3 46080 92672
7 3 92672 135872
6 3 135872 162432
5 3 162432 173456
4 3 173456 176528
3 3 176528 177084
4 4 173472 176536
5 4 162464 173488
4 4 173488 176536
5 5 162496 173504
6 4 135936 162528
5 4 162528 173504
4 4 173504 176536
5 5 162560 173520
6 5 136000 162592
5 5 162592 173520
6 6 136064 162624
7 4 92800 136128
6 4 136128 162624
5 4 162624 173520
4 4 173520 176536
5 5 162656 173536
6 5 136192 162688
5 5 162688 173536
6 6 136256 162720
7 5 92928 136320
6 5 136320 162720
5 5 162720 173536
6 6 136384 162752
7 6 93056 136448
6 6 136448 162752
7 7 93184 136512
8 4 46336 93312
7 4 93312 136512
6 4 136512 162752
5 4 162752 173536
4 4 173536 176536
5 5 162784 173552
6 5 136576 162816
5 5 162816 173552
6 6 136640 162848
7 5 93440 136704
6 5 136704 162848
5 5 162848 173552
6 6 136768 162880
7 6 93568 136832
6 6 136832 162880
7 7 93696 136896
8 5 46592 93824
7 5 93824 136896
6 5 136896 162880
5 5 162880 173552
6 6 136960 162912
7 6 93952 137024
6 6 137024 162912
7 7 94080 137088
8 6 46848 94208
7 6 94208 137088
6 6 137088 162912
7 7 94336 137152
8 7 47104 94464
7 7 94464 137152
8 8 47360 94592
9 3 14848 47616
8 3 47616 94592
7 3 94592 137152
6 3 137152 162912
5 3 162912 173552
4 3 173552 176536
3 3 176536 177084
4 4 173568 176544
5 4 162944 173584
4 4 173584 176544
5 5 162976 173600
6 4 137216 163008
5 4 163008 173600
4 4 173600 176544
5 5 163040 173616
6 5 137280 163072
5 5 163072 173616
6 6 137344 163104
7 4 94720 137408
6 4 137408 163104
5 4 163104 173616
4 4 173616 176544
5 5 163136 173632
6 5 137472 163168
5 5 163168 173632
6 6 137536 163200
7 5 94848 137600
6 5 137600 163200
5 5 163200 173632
6 6 137664 163232
7 6 94976 137728
6 6 137728 163232
7 7 95104 137792
8 4 47872 95232
7 4 95232 137792
6 4 137792 163232
5 4 163232 173632
4 4 173632 176544
5 5 163264 173648
6 5 137856 163296
5 5 163296 173648
6 6 137920 163328
7 5 95360 137984
6 5 137984 163328
5 5 163328 173648
6 6 138048 163360
7 6 95488 138112
6 6 138112 163360
7 7 95616 138176
8 5 48128 95744
7 5 95744 138176
6 5 138176 163360
5 5 163360 173648
6 6 138240 163392
7 6 95872 138304
6 6 138304 163392
7 7 96000 138368
8 6 48384 96128
7 6 96128 138368
6 6 138368 163392
7 7 96256 138432
8 7 48640 96384
7 7 96384 138432
8 8 48896 96512
9 4 15360 49152
8 4 49152 96512
7 4 96512 138432
6 4 138432 163392
5 4 163392 173648
4 4 173648 176544
5 5 163424 173664
6 5 138496 163456
5 5 163456 173664
6 6 138560 163488
7 5 96640 138624
6 5 138624 163488
5 5 163488 173664
6 6 138688 163520
7 6 96768 138752
6 6 138752 163520
7 7 96896 138816
8 5 49408 97024
7 5 97024 138816
6 5 138816 163520
5 5 163520 173664
6 6 138880 163552
7 6 97152 138944
6 6 138944 163552
7 7 97280 139008
8 6 49664 97408
7 6 97408 139008
6 6 139008 163552
7 7 97536 139072
8 7 49920 97664
7 7 97664 139072
8 8 50176 97792
9 5 15872 50432
8 5 50432 97792
7 5 97792 139072
6 5 139072 163552
5 5 163552 173664
6 6 139136 163584
7 6 97920 139200
6 6 139200 163584
7 7 98048 139264
8 6 50688 98176
7 6 98176 139264
6 6 139264 163584
7 7 98304 139328
8 7 50944 98432
7 7 98432 139328
8 8 51200 98560
9 6 16384 51456
8 6 51456 98560
7 6 98560 139328
6 6 139328 163584
7 7 98688 139392
8 7 51712 98816
7 7 98816 139392
8 8 51968 98944
9 7 16896 52224
8 7 52224 98944
7 7 98944 139392
8 8 52480 99072
9 8 17408 52736
8 8 52736 99072
9 9 17920 52992
10 1 3072 18432
9 1 18432 52992
8 1 52992 99072
7 1 99072 139392
6 1 139392 163584
5 1 163584 173664
4 1 173664 176544
3 1 176544 177084
2 1 177084 177144
1 1 177144 177147
2 2 177088 177146
3 2 176552 177092
2 2 177092 177146
3 3 176560 177096
4 2 173680 176568
3 2 176568 177096
2 2 177096 177146
3 3 176576 177100
4 3 173696 176584
3 3 176584 177100
4 4 173712 176592
5 2 163616 173728
4 2 173728 176592
3 2 176592 177100
2 2 177100 177146
3 3 176600 177104
4 3 173744 176608
3 3 176608 177104
4 4 173760 176616
5 3 163648 173776
4 3 173776 176616
3 3 176616 177104
4 4 173792 176624
5 4 163680 173808
4 4 173808 176624
5 5 163712 173824
6 2 139456 163744
5 2 163744 173824
4 2 173824 176624
3 2 176624 177104
2 2 177104 177146
3 3 176632 177108
4 3 173840 176640
3 3 176640 177108
4 4 173856 176648
5 3 163776 173872
4 3 173872 176648
3 3 176648 177108
4 4 173888 176656
5 4 163808 173904
4 4 173904 176656
5 5 163840 173920
6 3 139520 163872
5 3 163872 173920
4 3 173920 176656
3 3 176656 177108
4 4 173936 176664
5 4 163904 173952
4 4 173952 176664
5 5 163936 173968
6 4 139584 163968
5 4 163968 173968
4 4 173968 176664
5 5 164000 173984
6 5 139648 164032
5 5 164032 173984
6 6 139712 164064
7 2 99200 139776
6 2 139776 164064
5 2 164064 173984
4 2 173984 176664
3 2 176664 177108
2 2 177108 177146
3 3 176672 177112
4 3 174000 176680
3 3 176680 177112
4 4 174016 176688
5 3 164096 174032
4 3 174032 176688
3 3 176688 177112
4 4 174048 176696
5 4 164128 174064
4 4 174064 176696
5 5 164160 174080
6 3 139840 164192
5 3 164192 174080
4 3 174080 176696
3 3 176696 177112
4 4 174096 176704
5 4 164224 174112
4 4 174112 176704
5 5 164256 174128
6 4 139904 164288
5 4 164288 174128
4 4 174128 176704
5 5 164320 174144
6 5 139968 164352
5 5 164352 174144
6 6 140032 164384
7 3 99328 140096
6 3 140096 164384
5 3 164384 174144
4 3 174144 176704
3 3 176704 177112
4 4 174160 176712
5 4 164416 174176
4 4 174176 176712
5 5 164448 174192
6 4 140160 164480
5 4 164480 174192
4 4 174192 176712
5 5 164512 174208
6 5 140224 164544
5 5 164544 174208
6 6 140288 164576
7 4 99456 140352
6 4 140352 164576
5 4 164576 174208
4 4 174208 176712
5 5 164608 174224
6 5 140416 164640
5 5 164640 174224
6 6 140480 164672
7 5 99584 140544
6 5 140544 164672
5 5 164672 174224
6 6 140608 164704
7 6 99712 140672
6 6 140672 164704
7 7 99840 140736
8 2 53248 99968
7 2 99968 140736
6 2 140736 164704
5 2 164704 174224
4 2 174224 176712
3 2 176712 177112
2 2 177112 177146
3 3 176720 177116
4 3 174240 176728
3 3 176728 177116
4 4 174256 176736
5 3 164736 174272
4 3 174272 176736
3 3 176736 177116
4 4 174288 176744
5 4 164768 174304
4 4 174304 176744
5 5 164800 174320
6 3 140800 164832
5 3 164832 174320
4 3 174320 176744
3 3 176744 177116
4 4 174336 176752
5 4 164864 174352
4 4 174352 176752
5 5 164896 174368
6 4 140864 164928
5 4 164928 174368
4 4 174368 176752
5 5 164960 174384
6 5 140928 164992
5 5 164992 174384
6 6 140992 165024
7 3 100096 141056
6 3 141056 165024
5 3 165024 174384
4 3 174384 176752
3 3 176752 177116
4 4 174400 176760
5 4 165056 174416
4 4 174416 176760
5 5 165088 174432
6 4 141120 165120
5 4 165120 174432
4 4 174432 176760
5 5 165152 174448
6 5 141184 165184
5 5 165184 174448
6 6 141248 165216
7 4 100224 141312
6 4 141312 165216
5 4 165216 174448
4 4 174448 176760
5 5 165248 174464
6 5 141376 165280
5 5 165280 174464
6 6 141440 165312
7 5 100352 141504
6 5 141504 165312
5 5 165312 174464
6 6 141568 165344
7 6 100480 141632
6 6 141632 165344
7 7 100608 141696
8 3 53504 100736
7 3 100736 141696
6 3 141696 165344
5 3 165344 174464
4 3 174464 176760
3 3 176760 177116
4 4 174480 176768
5 4 165376 174496
4 4 174496 176768
5 5 165408 174512
6 4 141760 165440
5 4 165440 174512
4 4 174512 176768
5 5 165472 174528
6 5 141824 165504
5 5 165504 174528
6 6 141888 165536
7 4 100864 141952
6 4 141952 165536
5 4 165536 174528
4 4 174528 176768
5 5 165568 174544
6 5 142016 165600
5 5 165600 174544
6 6 142080 165632
7 5 100992 142144
6 5 142144 165632
5 5 165632 174544
6 6 142208 165664
7 6 101120 142272
6 6 142272 165664
7 7 101248 142336
8 4 53760 101376
7 4 101376 142336
6 4 142336 165664
5 4 165664 174544
4 4 174544 176768
5 5 165696 174560
6 5 142400 165728
5 5 165728 174560
6 6 142464 165760
7 5 101504 142528
6 5 142528 165760
5 5 165760 174560
6 6 142592 165792
7 6 101632 142656
6 6 142656 165792
7 7 101760 142720
8 5 54016 101888
7 5 101888 142720
6 5 142720 165792
5 5 165792 174560
6 6 142784 165824
7 6 102016 142848
6 6 142848 165824
7 7 102144 142912
8 6 54272 102272
7 6 102272 142912
6 6 142912 165824
7 7 102400 142976
8 7 54528 102528
7 7 102528 142976
8 8 54784 102656
9 2 18944 55040
8 2 55040 102656
7 2 102656 142976
6 2 142976 165824
5 2 165824 174560
4 2 174560 176768
3 2 176768 177116
2 2 177116 177146
3 3 176776 177120
4 3 174576 176784
3 3 176784 177120
4 4 174592 176792
5 3 165856 174608
4 3 174608 176792
3 3 176792 177120
4 4 174624 176800
5 4 165888 174640
4 4 174640 176800
5 5 165920 174656
6 3 143040 165952
5 3 165952 174656
4 3 174656 176800
3 3 176800 177120
4 4 174672 176808
5 4 165984 174688
4 4 174688 176808
5 5 166016 174704
6 4 143104 166048
5 4 166048 174704
4 4 174704 176808
5 5 166080 174720
6 5 143168 166112
5 5 166112 174720
6 6 143232 166144
7 3 102784 143296
6 3 143296 166144
5 3 166144 174720
4 3 174720 176808
3 3 176808 177120
4 4 174736 176816
5 4 166176 174752
4 4 174752 176816
5 5 166208 174768
6 4 143360 166240
5 4 166240 174768
4 4 174768 176816
5 5 166272 174784
6 5 143424 166304
5 5 166304 174784
6 6 143488 166336
7 4 102912 143552
6 4 143552 166336
5 4 166336 174784
4 4 174784 176816
5 5 166368 174800
6 5 143616 166400
5 5 166400 174800
6 6 143680 166432
7 5 103040 143744
6 5 143744 166432
5 5 166432 174800
6 6 143808 166464
7 6 103168 143872
6 6 143872 166464
7 7 103296 143936
8 3 55296 103424
7 3 103424 143936
6 3 143936 166464
5 3 166464 174800
4 3 174800 176816
3 3 176816 177120
4 4 174816 176824
5 4 166496 174832
4 4 174832 176824
5 5 166528 174848
6 4 144000 166560
5 4 166560 174848
4 4 174848 176824
5 5 166592 174864
6 5 144064 166624
5 5 166624 174864
6 6 144128 166656
7 4 103552 144192
6 4 144192 166656
5 4 166656 174864
4 4 174864 176824
5 5 166688 174880
6 5 144256 166720
5 5 166720 174880
6 6 144320 166752
7 5 103680 144384
6 5 144384 166752
5 5 166752 174880
6 6 144448 166784
7 6 103808 144512
6 6 144512 166784
7 7 103936 144576
8 4 55552 104064
7 4 104064 144576
6 4 144576 166784
5 4 166784 174880
4 4 174880 176824
5 5 166816 174896
6 5 144640 166848
5 5 166848 174896
6 6 144704 166880
7 5 104192 144768
6 5 144768 166880
5 5 166880 174896
6 6 144832 166912
7 6 104320 144896
6 6 144896 166912
7 7 104448 144960
8 5 55808 104576
7 5 104576 144960
6 5 144960 166912
5 5 166912 174896
6 6 145024 166944
7 6 104704 145088
6 6 145088 166944
7 7 104832 145152
8 6 56064 104960
7 6 104960 145152
6 6 145152 166944
7 7 105088 145216
8 7 56320 105216
7 7 105216 145216
8 8 56576 105344
9 3 19456 56832
8 3 56832 105344
7 3 105344 145216
6 3 145216 166944
5 3 166944 174896
4 3 174896 176824
3 3 176824 177120
4 4 174912 176832
5 4 166976 174928
4 4 174928 176832
5 5 167008 174944
6 4 145280 167040
5 4 167040 174944
4 4 174944 176832
5 5 167072 174960
6 5 145344 167104
5 5 167104 174960
6 6 145408 167136
7 4 105472 145472
6 4 145472 167136
5 4 167136 174960
4 4 174960 176832
5 5 167168 174976
6 5 145536 167200
5 5 167200 174976
6 6 145600 167232
7 5 105600 145664
6 5 145664 167232
5 5 167232 174976
6 6 145728 167264
7 6 105728 145792
6 6 145792 167264
7 7 105856 145856
8 4 57088 105984
7 4 105984 145856
6 4 145856 167264
5 4 167264 174976
4 4 174976 176832
5 5 167296 174992
6 5 145920 167328
5 5 167328 174992
6 6 145984 167360
7 5 106112 146048
6 5 146048 167360
5 5 167360 174992
6 6 146112 167392
7 6 106240 146176
6 6 146176 167392
7 7 106368 146240
8 5 57344 106496
7 5 106496 146240
6 5 146240 167392
5 5 167392 174992
6 6 146304 167424
7 6 106624 146368
6 6 146368 167424
7 7 106752 146432
8 6 57600 106880
7 6 106880 146432
6 6 146432 167424
7 7 107008 146496
8 7 57856 107136
7 7 107136 146496
8 8 58112 107264
9 4 19968 58368
8 4 58368 107264
7 4 107264 146496
6 4 146496 167424
5 4 167424 174992
4 4 174992 176832
5 5 167456 175008
6 5 146560 167488
5 5 167488 175008
6 6 146624 167520
7 5 107392 146688
6 5 146688 167520
5 5 167520 175008
6 6 146752 167552
7 6 107520 146816
6 6 146816 167552
7 7 107648 146880
8 5 58624 107776
7 5 107776 146880
6 5 146880 167552
5 5 167552 175008
6 6 146944 167584
7 6 107904 147008
6 6 147008 167584
7 7 108032 147072
8 6 58880 108160
7 6 108160 147072
6 6 147072 167584
7 7 108288 147136
8 7 59136 108416
7 7 108416 147136
8 8 59392 108544
9 5 20480 59648
8 5 59648 108544
7 5 108544 147136
6 5 147136 167584
5 5 167584 175008
6 6 147200 167616
7 6 108672 147264
6 6 147264 167616
7 7 108800 147328
8 6 59904 108928
7 6 108928 147328
6 6 147328 167616
7 7 109056 147392
8 7 60160 109184
7 7 109184 147392
8 8 60416 109312
9 6 20992 60672
8 6 60672 109312
7 6 109312 147392
6 6 147392 167616
7 7 109440 147456
8 7 60928 109568
7 7 109568 147456
8 8 61184 109696
9 7 21504 61440
8 7 61440 109696
7 7 109696 147456
8 8 61696 109824
9 8 22016 61952
8 8 61952 109824
9 9 22528 62208
10 2 4096 23040
9 2 23040 62208
8 2 62208 109824
7 2 109824 147456
6 2 147456 167616
5 2 167616 175008
4 2 175008 176832
3 2 176832 177120
2 2 177120 177146
3 3 176840 177124
4 3 175024 176848
3 3 176848 177124
4 4 175040 176856
5 3 167648 175056
4 3 175056 176856
3 3 176856 177124
4 4 175072 176864
5 4 167680 175088
4 4 175088 176864
5 5 167712 175104
6 3 147520 167744
5 3 167744 175104
4 3 175104 176864
3 3 176864 177124
4 4 175120 176872
5 4 167776 175136
4 4 175136 176872
5 5 167808 175152
6 4 147584 167840
5 4 167840 175152
4 4 175152 176872
5 5 167872 175168
6 5 147648 167904
5 5 167904 175168
6 6 147712 167936
7 3 109952 147776
6 3 147776 167936
5 3 167936 175168
4 3 175168 176872
3 3 176872 177124
4 4 175184 176880
5 4 167968 175200
4 4 175200 176880
5 5 168000 175216
6 4 147840 168032
5 4 168032 175216
4 4 175216 176880
5 5 168064 175232
6 5 147904 168096
5 5 168096 175232
6 6 147968 168128
7 4 110080 148032
6 4 148032 168128
5 4 168128 175232
4 4 175232 176880
5 5 168160 175248
6 5 148096 168192
5 5 168192 175248
6 6 148160 168224
7 5 110208 148224
6 5 148224 168224
5 5 168224 175248
6 6 148288 168256
7 6 110336 148352
6 6 148352 168256
7 7 110464 148416
8 3 62464 110592
7 3 110592 148416
6 3 148416 168256
5 3 168256 175248
4 3 175248 176880
3 3 176880 177124
4 4 175264 176888
5 4 168288 175280
4 4 175280 176888
5 5 168320 175296
6 4 148480 168352
5 4 168352 175296
4 4 175296 176888
5 5 168384 175312
6 5 148544 168416
5 5 168416 175312
6 6 148608 168448
7 4 110720 148672
6 4 148672 168448
5 4 168448 175312
4 4 175312 176888
5 5 168480 175328
6 5 148736 168512
5 5 168512 175328
6 6 148800 168544
7 5 110848 148864
6 5 148864 168544
5 5 168544 175328
6 6 148928 168576
7 6 110976 148992
6 6 148992 168576
7 7 111104 149056
8 4 62720 111232
7 4 111232 149056
6 4 149056 168576
5 4 168576 175328
4 4 175328 176888
5 5 168608 175344
6 5 149120 168640
5 5 168640 175344
6 6 149184 168672
7 5 111360 149248
6 5 149248 168672
5 5 168672 175344
6 6 149312 168704
7 6 111488 149376
6 6 149376 168704
7 7 111616 149440
8 5 62976 111744
7 5 111744 149440
6 5 149440 168704
5 5 168704 175344
6 6 149504 168736
7 6 111872 149568
6 6 149568 168736
7 7 112000 149632
8 6 63232 112128
7 6 112128 149632
6 6 149632 168736
7 7 112256 149696
8 7 63488 112384
7 7 112384 149696
8 8 63744 112512
9 3 23552 64000
8 3 64000 112512
7 3 112512 149696
6 3 149696 168736
5 3 168736 175344
4 3 175344 176888
3 3 176888 177124
4 4 175360 176896
5 4 168768 175376
4 4 175376 176896
5 5 168800 175392
6 4 149760 168832
5 4 168832 175392
4 4 175392 176896
5 5 168864 175408
6 5 149824 168896
5 5 168896 175408
6 6 149888 168928
7 4 112640 149952
6 4 149952 168928
5 4 168928 175408
4 4 175408 176896
5 5 168960 175424
6 5 150016 168992
5 5 168992 175424
6 6 150080 169024
7 5 112768 150144
6 5 150144 169024
5 5 169024 175424
6 6 150208 169056
7 6 112896 150272
6 6 150272 169056
7 7 113024 150336
8 4 64256 113152
7 4 113152 150336
6 4 150336 169056
5 4 169056 175424
4 4 175424 176896
5 5 169088 175440
6 5 150400 169120
5 5 169120 175440
6 6 150464 169152
7 5 113280 150528
6 5 150528 169152
5 5 169152 175440
6 6 150592 169184
7 6 113408 150656
6 6 150656 169184
7 7 113536 150720
8 5 64512 113664
7 5 113664 150720
6 5 150720 169184
5 5 169184 175440
6 6 150784 169216
7 6 113792 150848
6 6 150848 169216
7 7 113920 150912
8 6 64768 114048
7 6 114048 150912
6 6 150912 169216
7 7 114176 150976
8 7 65024 114304
7 7 114304 150976
8 8 65280 114432
9 4 24064 65536
8 4 65536 114432
7 4 114432 150976
6 4 150976 169216
5 4 169216 175440
4 4 175440 176896
5 5 169248 175456
6 5 151040 169280
5 5 169280 175456
6 6 151104 169312
7 5 114560 151168
6 5 151168 169312
5 5 169312 175456
6 6 151232 169344
7 6 114688 151296
6 6 151296 169344
7 7 114816 151360
8 5 65792 114944
7 5 114944 151360
6 5 151360 169344
5 5 169344 175456
6 6 151424 169376
7 6 115072 151488
6 6 151488 169376
7 7 115200 151552
8 6 66048 115328
7 6 115328 151552
6 6 151552 169376
7 7 115456 151616
8 7 66304 115584
7 7 115584 151616
8 8 66560 115712
9 5 24576 66816
8 5 66816 115712
7 5 115712 151616
6 5 151616 169376
5 5 169376 175456
6 6 151680 169408
7 6 115840 151744
6 6 151744 169408
7 7 115968 151808
8 6 67072 116096
7 6 116096 151808
6 6 151808 169408
7 7 116224 151872
8 7 67328 116352
7 7 116352 151872
8 8 67584 116480
9 6 25088 67840
8 6 67840 116480
7 6 116480 151872
6 6 151872 169408
7 7 116608 151936
8 7 68096 116736
7 7 116736 151936
8 8 68352 116864
9 7 25600 68608
8 7 68608 116864
7 7 116864 151936
8 8 68864 116992
9 8 26112 69120
8 8 69120 116992
9 9 26624 69376
10 3 5120 27136
9 3 27136 69376
8 3 69376 116992
7 3 116992 151936
6 3 151936 169408
5 3 169408 175456
4 3 175456 176896
3 3 176896 177124
4 4 175472 176904
5 4 169440 175488
4 4 175488 176904
5 5 169472 175504
6 4 152000 169504
5 4 169504 175504
4 4 175504 176904
5 5 169536 175520
6 5 152064 169568
5 5 169568 175520
6 6 152128 169600
7 4 117120 152192
6 4 152192 169600
5 4 169600 175520
4 4 175520 176904
5 5 169632 175536
6 5 152256 169664
5 5 169664 175536
6 6 152320 169696
7 5 117248 152384
6 5 152384 169696
5 5 169696 175536
6 6 152448 169728
7 6 117376 152512
6 6 152512 169728
7 7 117504 152576
8 4 69632 117632
7 4 117632 152576
6 4 152576 169728
5 4 169728 175536
4 4 175536 176904
5 5 169760 175552
6 5 152640 169792
5 5 169792 175552
6 6 152704 169824
7 5 117760 152768
6 5 152768 169824
5 5 169824 175552
6 6 152832 169856
7 6 117888 152896
6 6 152896 169856
7 7 118016 152960
8 5 69888 118144
7 5 118144 152960
6 5 152960 169856
5 5 169856 175552
6 6 153024 169888
7 6 118272 153088
6 6 153088 169888
7 7 118400 153152
8 6 70144 118528
7 6 118528 153152
6 6 153152 169888
7 7 118656 153216
8 7 70400 118784
7 7 118784 153216
8 8 70656 118912
9 4 27648 70912
8 4 70912 118912
7 4 118912 153216
6 4 153216 169888
5 4 169888 175552
4 4 175552 176904
5 5 169920 175568
6 5 153280 169952
5 5 169952 175568
6 6 153344 169984
7 5 119040 153408
6 5 153408 169984
5 5 169984 175568
6 6 153472 170016
7 6 119168 153536
6 6 153536 170016
7 7 119296 153600
8 5 71168 119424
7 5 119424 153600
6 5 153600 170016
5 5 170016 175568
6 6 153664 170048
7 6 119552 153728
6 6 153728 170048
7 7 119680 153792
8 6 71424 119808
7 6 119808 153792
6 6 153792 170048
7 7 119936 153856
8 7 71680 120064
7 7 120064 153856
8 8 71936 120192
9 5 28160 72192
8 5 72192 120192
7 5 120192 153856
6 5 153856 170048
5 5 170048 175568
6 6 153920 170080
7 6 120320 153984
6 6 153984 170080
7 7 120448 154048
8 6 72448 120576
7 6 120576 154048
6 6 154048 170080
7 7 120704 154112
8 7 72704 120832
7 7 120832 154112
8 8 72960 120960
9 6 28672 73216
8 6 73216 120960
7 6 120960 154112
6 6 154112 170080
7 7 121088 154176
8 7 73472 121216
7 7 121216 154176
8 8 73728 121344
9 7 29184 73984
8 7 73984 121344
7 7 121344 154176
8 8 74240 121472
9 8 29696 74496
8 8 74496 121472
9 9 30208 74752
10 4 6144 30720
9 4 30720 74752
8 4 74752 121472
7 4 121472 154176
6 4 154176 170080
5 4 170080 175568
4 4 175568 176904
5 5 170112 175584
6 5 154240 170144
5 5 170144 175584
6 6 154304 170176
7 5 121600 154368
6 5 154368 170176
5 5 170176 175584
6 6 154432 170208
7 6 121728 154496
6 6 154496 170208
7 7 121856 154560
8 5 75008 121984
7 5 121984 154560
6 5 154560 170208
5 5 170208 175584
6 6 154624 170240
7 6 122112 154688
6 6 154688 170240
7 7 122240 154752
8 6 75264 122368
7 6 122368 154752
6 6 154752 170240
7 7 122496 154816
8 7 75520 122624
7 7 122624 154816
8 8 75776 122752
9 5 31232 76032
8 5 76032 122752
7 5 122752 154816
6 5 154816 170240
5 5 170240 175584
6 6 154880 170272
7 6 122880 154944
6 6 154944 170272
7 7 123008 155008
8 6 76288 123136
7 6 123136 155008
6 6 155008 170272
7 7 123264 155072
8 7 76544 123392
7 7 123392 155072
8 8 76800 123520
9 6 31744 77056
8 6 77056 123520
7 6 123520 155072
6 6 155072 170272
7 7 123648 155136
8 7 77312 123776
7 7 123776 155136
8 8 77568 123904
9 7 32256 77824
8 7 77824 123904
7 7 123904 155136
8 8 78080 124032
9 8 32768 78336
8 8 78336 124032
9 9 33280 78592
10 5 7168 33792
9 5 33792 78592
8 5 78592 124032
7 5 124032 155136
6 5 155136 170272
5 5 170272 175584
6 6 155200 170304
7 6 124160 155264
6 6 155264 170304
7 7 124288 155328
8 6 78848 124416
7 6 124416 155328
6 6 155328 170304
7 7 124544 155392
8 7 79104 124672
7 7 124672 155392
8 8 79360 124800
9 6 34304 79616
8 6 79616 124800
7 6 124800 155392
6 6 155392 170304
7 7 124928 155456
8 7 79872 125056
7 7 125056 155456
8 8 80128 125184
9 7 34816 80384
8 7 80384 125184
7 7 125184 155456
8 8 80640 125312
9 8 35328 80896
8 8 80896 125312
9 9 35840 81152
10 6 8192 36352
9 6 36352 81152
8 6 81152 125312
7 6 125312 155456
6 6 155456 170304
7 7 125440 155520
8 7 81408 125568
7 7 125568 155520
8 8 81664 125696
9 7 36864 81920
8 7 81920 125696
7 7 125696 155520
8 8 82176 125824
9 8 37376 82432
8 8 82432 125824
9 9 37888 82688
10 7 9216 38400
9 7 38400 82688
8 7 82688 125824
7 7 125824 155520
8 8 82944 125952
9 8 38912 83200
8 8 83200 125952
9 9 39424 83456
10 8 10240 39936
9 8 39936 83456
8 8 83456 125952
9 9 40448 83712
10 9 11264 40960
9 9 40960 83712
10 10 12288 41472
