# rem_bits first_diff input_index output_index
6 0 0 64
5 0 64 256
4 0 256 496
3 0 496 656
2 0 656 716
1 0 716 728
1 1 718 729
2 1 660 720
1 1 720 729
2 2 664 722
3 1 504 668
2 1 668 722
1 1 722 729
2 2 672 724
3 2 512 676
2 2 676 724
3 3 520 680
4 1 272 528
3 1 528 680
2 1 680 724
1 1 724 729
2 2 684 726
3 2 536 688
2 2 688 726
3 3 544 692
4 2 288 552
3 2 552 692
2 2 692 726
3 3 560 696
4 3 304 568
3 3 568 696
4 4 320 576
5 1 96 336
4 1 336 576
3 1 576 696
2 1 696 726
1 1 726 729
2 2 700 728
3 2 584 704
2 2 704 728
3 3 592 708
4 2 352 600
3 2 600 708
2 2 708 728
3 3 608 712
4 3 368 616
3 3 616 712
4 4 384 624
5 2 128 400
4 2 400 624
3 2 624 712
2 2 712 728
3 3 632 716
4 3 416 640
3 3 640 716
4 4 432 648
5 3 160 448
4 3 448 648
3 3 648 716
4 4 464 656
5 4 192 480
4 4 480 656
5 5 224 496
