# rem_bits first_diff input_index output_index
12 0 0 4096
11 0 4096 28672
10 0 28672 96256
9 0 96256 208896
8 0 208896 335616
7 0 335616 436992
6 0 436992 496128
5 0 496128 521472
4 0 521472 529392
3 0 529392 531152
2 0 531152 531416
1 0 531416 531440
1 1 531418 531441
2 1 531156 531420
1 1 531420 531441
2 2 531160 531422
3 1 529400 531164
2 1 531164 531422
1 1 531422 531441
2 2 531168 531424
3 2 529408 531172
2 2 531172 531424
3 3 529416 531176
4 1 521488 529424
3 1 529424 531176
2 1 531176 531424
1 1 531424 531441
2 2 531180 531426
3 2 529432 531184
2 2 531184 531426
3 3 529440 531188
4 2 521504 529448
3 2 529448 531188
2 2 531188 531426
3 3 529456 531192
4 3 521520 529464
3 3 529464 531192
4 4 521536 529472
5 1 496160 521552
4 1 521552 529472
3 1 529472 531192
2 1 531192 531426
1 1 531426 531441
2 2 531196 531428
3 2 529480 531200
2 2 531200 531428
3 3 529488 531204
4 2 521568 529496
3 2 529496 531204
2 2 531204 531428
3 3 529504 531208
4 3 521584 529512
3 3 529512 531208
4 4 521600 529520
5 2 496192 521616
4 2 521616 529520
3 2 529520 531208
2 2 531208 531428
3 3 529528 531212
4 3 521632 529536
3 3 529536 531212
4 4 521648 529544
5 3 496224 521664
4 3 521664 529544
3 3 529544 531212
4 4 521680 529552
5 4 496256 521696
4 4 521696 529552
5 5 496288 521712
6 1 437056 496320
5 1 496320 521712
4 1 521712 529552
3 1 529552 531212
2 1 531212 531428
1 1 531428 531441
2 2 531216 531430
3 2 529560 531220
2 2 531220 531430
3 3 529568 531224
4 2 521728 529576
3 2 529576 531224
2 2 531224 531430
3 3 529584 531228
4 3 521744 529592
3 3 529592 531228
4 4 521760 529600
5 2 496352 521776
4 2 521776 529600
3 2 529600 531228
2 2 531228 531430
3 3 529608 531232
4 3 521792 529616
3 3 529616 531232
4 4 521808 529624
5 3 496384 521824
4 3 521824 529624
3 3 529624 531232
4 4 521840 529632
5 4 496416 521856
4 4 521856 529632
5 5 496448 521872
6 2 437120 496480
5 2 496480 521872
4 2 521872 529632
3 2 529632 531232
2 2 531232 531430
3 3 529640 531236
4 3 521888 529648
3 3 529648 531236
4 4 521904 529656
5 3 496512 521920
4 3 521920 529656
3 3 529656 531236
4 4 521936 529664
5 4 496544 521952
4 4 521952 529664
5 5 496576 521968
6 3 437184 496608
5 3 496608 521968
4 3 521968 529664
3 3 529664 531236
4 4 521984 529672
5 4 496640 522000
4 4 522000 529672
5 5 496672 522016
6 4 437248 496704
5 4 496704 522016
4 4 522016 529672
5 5 496736 522032
6 5 437312 496768
5 5 496768 522032
6 6 437376 496800
7 1 335744 437440
6 1 437440 496800
5 1 496800 522032
4 1 522032 529672
3 1 529672 531236
2 1 531236 531430
1 1 531430 531441
2 2 531240 531432
3 2 529680 531244
2 2 531244 531432
3 3 529688 531248
4 2 522048 529696
3 2 529696 531248
2 2 531248 531432
3 3 529704 531252
4 3 522064 529712
3 3 529712 531252
4 4 522080 529720
5 2 496832 522096
4 2 522096 529720
3 2 529720 531252
2 2 531252 531432
3 3 529728 531256
4 3 522112 529736
3 3 529736 531256
4 4 522128 529744
5 3 496864 522144
4 3 522144 529744
3 3 529744 531256
4 4 522160 529752
5 4 496896 522176
4 4 522176 529752
5 5 496928 522192
6 2 437504 496960
5 2 496960 522192
4 2 522192 529752
3 2 529752 531256
2 2 531256 531432
3 3 529760 531260
4 3 522208 529768
3 3 529768 531260
4 4 522224 529776
5 3 496992 522240
4 3 522240 529776
3 3 529776 531260
4 4 522256 529784
5 4 497024 522272
4 4 522272 529784
5 5 497056 522288
6 3 437568 497088
5 3 497088 522288
4 3 522288 529784
3 3 529784 531260
4 4 522304 529792
5 4 497120 522320
4 4 522320 529792
5 5 497152 522336
6 4 437632 497184
5 4 497184 522336
4 4 522336 529792
5 5 497216 522352
6 5 437696 497248
5 5 497248 522352
6 6 437760 497280
7 2 335872 437824
6 2 437824 497280
5 2 497280 522352
4 2 522352 529792
3 2 529792 531260
2 2 531260 531432
3 3 529800 531264
4 3 522368 529808
3 3 529808 531264
4 4 522384 529816
5 3 497312 522400
4 3 522400 529816
3 3 529816 531264
4 4 522416 529824
5 4 497344 522432
4 4 522432 529824
5 5 497376 522448
6 3 437888 497408
5 3 497408 522448
4 3 522448 529824
3 3 529824 531264
4 4 522464 529832
5 4 497440 522480
4 4 522480 529832
5 5 497472 522496
6 4 437952 497504
5 4 497504 522496
4 4 522496 529832
5 5 497536 522512
6 5 438016 497568
5 5 497568 522512
6 6 438080 497600
7 3 336000 438144
6 3 438144 497600
5 3 497600 522512
4 3 522512 529832
3 3 529832 531264
4 4 522528 529840
5 4 497632 522544
4 4 522544 529840
5 5 497664 522560
6 4 438208 497696
5 4 497696 522560
4 4 522560 529840
5 5 497728 522576
6 5 438272 497760
5 5 497760 522576
6 6 438336 497792
7 4 336128 438400
6 4 438400 497792
5 4 497792 522576
4 4 522576 529840
5 5 497824 522592
6 5 438464 497856
5 5 497856 522592
6 6 438528 497888
7 5 336256 438592
6 5 438592 497888
5 5 497888 522592
6 6 438656 497920
7 6 336384 438720
6 6 438720 497920
7 7 336512 438784
8 1 209152 336640
7 1 336640 438784
6 1 438784 497920
5 1 497920 522592
4 1 522592 529840
3 1 529840 531264
2 1 531264 531432
1 1 531432 531441
2 2 531268 531434
3 2 529848 531272
2 2 531272 531434
3 3 529856 531276
4 2 522608 529864
3 2 529864 531276
2 2 531276 531434
3 3 529872 531280
4 3 522624 529880
3 3 529880 531280
4 4 522640 529888
5 2 497952 522656
4 2 522656 529888
3 2 529888 531280
2 2 531280 531434
3 3 529896 531284
4 3 522672 529904
3 3 529904 531284
4 4 522688 529912
5 3 497984 522704
4 3 522704 529912
3 3 529912 531284
4 4 522720 529920
5 4 498016 522736
4 4 522736 529920
5 5 498048 522752
6 2 438848 498080
5 2 498080 522752
4 2 522752 529920
3 2 529920 531284
2 2 531284 531434
3 3 529928 531288
4 3 522768 529936
3 3 529936 531288
4 4 522784 529944
5 3 498112 522800
4 3 522800 529944
3 3 529944 531288
4 4 522816 529952
5 4 498144 522832
4 4 522832 529952
5 5 498176 522848
6 3 438912 498208
5 3 498208 522848
4 3 522848 529952
3 3 529952 531288
4 4 522864 529960
5 4 498240 522880
4 4 522880 529960
5 5 498272 522896
6 4 438976 498304
5 4 498304 522896
4 4 522896 529960
5 5 498336 522912
6 5 439040 498368
5 5 498368 522912
6 6 439104 498400
7 2 336768 439168
6 2 439168 498400
5 2 498400 522912
4 2 522912 529960
3 2 529960 531288
2 2 531288 531434
3 3 529968 531292
4 3 522928 529976
3 3 529976 531292
4 4 522944 529984
5 3 498432 522960
4 3 522960 529984
3 3 529984 531292
4 4 522976 529992
5 4 498464 522992
4 4 522992 529992
5 5 498496 523008
6 3 439232 498528
5 3 498528 523008
4 3 523008 529992
3 3 529992 531292
4 4 523024 530000
5 4 498560 523040
4 4 523040 530000
5 5 498592 523056
6 4 439296 498624
5 4 498624 523056
4 4 523056 530000
5 5 498656 523072
6 5 439360 498688
5 5 498688 523072
6 6 439424 498720
7 3 336896 439488
6 3 439488 498720
5 3 498720 523072
4 3 523072 530000
3 3 530000 531292
4 4 523088 530008
5 4 498752 523104
4 4 523104 530008
5 5 498784 523120
6 4 439552 498816
5 4 498816 523120
4 4 523120 530008
5 5 498848 523136
6 5 439616 498880
5 5 498880 523136
6 6 439680 498912
7 4 337024 439744
6 4 439744 498912
5 4 498912 523136
4 4 523136 530008
5 5 498944 523152
6 5 439808 498976
5 5 498976 523152
6 6 439872 499008
7 5 337152 439936
6 5 439936 499008
5 5 499008 523152
6 6 440000 499040
7 6 337280 440064
6 6 440064 499040
7 7 337408 440128
8 2 209408 337536
7 2 337536 440128
6 2 440128 499040
5 2 499040 523152
4 2 523152 530008
3 2 530008 531292
2 2 531292 531434
3 3 530016 531296
4 3 523168 530024
3 3 530024 531296
4 4 523184 530032
5 3 499072 523200
4 3 523200 530032
3 3 530032 531296
4 4 523216 530040
5 4 499104 523232
4 4 523232 530040
5 5 499136 523248
6 3 440192 499168
5 3 499168 523248
4 3 523248 530040
3 3 530040 531296
4 4 523264 530048
5 4 499200 523280
4 4 523280 530048
5 5 499232 523296
6 4 440256 499264
5 4 499264 523296
4 4 523296 530048
5 5 499296 523312
6 5 440320 499328
5 5 499328 523312
6 6 440384 499360
7 3 337664 440448
6 3 440448 499360
5 3 499360 523312
4 3 523312 530048
3 3 530048 531296
4 4 523328 530056
5 4 499392 523344
4 4 523344 530056
5 5 499424 523360
6 4 440512 499456
5 4 499456 523360
4 4 523360 530056
5 5 499488 523376
6 5 440576 499520
5 5 499520 523376
6 6 440640 499552
7 4 337792 440704
6 4 440704 499552
5 4 499552 523376
4 4 523376 530056
5 5 499584 523392
6 5 440768 499616
5 5 499616 523392
6 6 440832 499648
7 5 337920 440896
6 5 440896 499648
5 5 499648 523392
6 6 440960 499680
7 6 338048 441024
6 6 441024 499680
7 7 338176 441088
8 3 209664 338304
7 3 338304 441088
6 3 441088 499680
5 3 499680 523392
4 3 523392 530056
3 3 530056 531296
4 4 523408 530064
5 4 499712 523424
4 4 523424 530064
5 5 499744 523440
6 4 441152 499776
5 4 499776 523440
4 4 523440 530064
5 5 499808 523456
6 5 441216 499840
5 5 499840 523456
6 6 441280 499872
7 4 338432 441344
6 4 441344 499872
5 4 499872 523456
4 4 523456 530064
5 5 499904 523472
6 5 441408 499936
5 5 499936 523472
6 6 441472 499968
7 5 338560 441536
6 5 441536 499968
5 5 499968 523472
6 6 441600 500000
7 6 338688 441664
6 6 441664 500000
7 7 338816 441728
8 4 209920 338944
7 4 338944 441728
6 4 441728 500000
5 4 500000 523472
4 4 523472 530064
5 5 500032 523488
6 5 441792 500064
5 5 500064 523488
6 6 441856 500096
7 5 339072 441920
6 5 441920 500096
5 5 500096 523488
6 6 441984 500128
7 6 339200 442048
6 6 442048 500128
7 7 339328 442112
8 5 210176 339456
7 5 339456 442112
6 5 442112 500128
5 5 500128 523488
6 6 442176 500160
7 6 339584 442240
6 6 442240 500160
7 7 339712 442304
8 6 210432 339840
7 6 339840 442304
6 6 442304 500160
7 7 339968 442368
8 7 210688 340096
7 7 340096 442368
8 8 210944 340224
9 1 96768 211200
8 1 211200 340224
7 1 340224 442368
6 1 442368 500160
5 1 500160 523488
4 1 523488 530064
3 1 530064 531296
2 1 531296 531434
1 1 531434 531441
2 2 531300 531436
3 2 530072 531304
2 2 531304 531436
3 3 530080 531308
4 2 523504 530088
3 2 530088 531308
2 2 531308 531436
3 3 530096 531312
4 3 523520 530104
3 3 530104 531312
4 4 523536 530112
5 2 500192 523552
4 2 523552 530112
3 2 530112 531312
2 2 531312 531436
3 3 530120 531316
4 3 523568 530128
3 3 530128 531316
4 4 523584 530136
5 3 500224 523600
4 3 523600 530136
3 3 530136 531316
4 4 523616 530144
5 4 500256 523632
4 4 523632 530144
5 5 500288 523648
6 2 442432 500320
5 2 500320 523648
4 2 523648 530144
3 2 530144 531316
2 2 531316 531436
3 3 530152 531320
4 3 523664 530160
3 3 530160 531320
4 4 523680 530168
5 3 500352 523696
4 3 523696 530168
3 3 530168 531320
4 4 523712 530176
5 4 500384 523728
4 4 523728 530176
5 5 500416 523744
6 3 442496 500448
5 3 500448 523744
4 3 523744 530176
3 3 530176 531320
4 4 523760 530184
5 4 500480 523776
4 4 523776 530184
5 5 500512 523792
6 4 442560 500544
5 4 500544 523792
4 4 523792 530184
5 5 500576 523808
6 5 442624 500608
5 5 500608 523808
6 6 442688 500640
7 2 340352 442752
6 2 442752 500640
5 2 500640 523808
4 2 523808 530184
3 2 530184 531320
2 2 531320 531436
3 3 530192 531324
4 3 523824 530200
3 3 530200 531324
4 4 523840 530208
5 3 500672 523856
4 3 523856 530208
3 3 530208 531324
4 4 523872 530216
5 4 500704 523888
4 4 523888 530216
5 5 500736 523904
6 3 442816 500768
5 3 500768 523904
4 3 523904 530216
3 3 530216 531324
4 4 523920 530224
5 4 500800 523936
4 4 523936 530224
5 5 500832 523952
6 4 442880 500864
5 4 500864 523952
4 4 523952 530224
5 5 500896 523968
6 5 442944 500928
5 5 500928 523968
6 6 443008 500960
7 3 340480 443072
6 3 443072 500960
5 3 500960 523968
4 3 523968 530224
3 3 530224 531324
4 4 523984 530232
5 4 500992 524000
4 4 524000 530232
5 5 501024 524016
6 4 443136 501056
5 4 501056 524016
4 4 524016 530232
5 5 501088 524032
6 5 443200 501120
5 5 501120 524032
6 6 443264 501152
7 4 340608 443328
6 4 443328 501152
5 4 501152 524032
4 4 524032 530232
5 5 501184 524048
6 5 443392 501216
5 5 501216 524048
6 6 443456 501248
7 5 340736 443520
6 5 443520 501248
5 5 501248 524048
6 6 443584 501280
7 6 340864 443648
6 6 443648 501280
7 7 340992 443712
8 2 211456 341120
7 2 341120 443712
6 2 443712 501280
5 2 501280 524048
4 2 524048 530232
3 2 530232 531324
2 2 531324 531436
3 3 530240 531328
4 3 524064 530248
3 3 530248 531328
4 4 524080 530256
5 3 501312 524096
4 3 524096 530256
3 3 530256 531328
4 4 524112 530264
5 4 501344 524128
4 4 524128 530264
5 5 501376 524144
6 3 443776 501408
5 3 501408 524144
4 3 524144 530264
3 3 530264 531328
4 4 524160 530272
5 4 501440 524176
4 4 524176 530272
5 5 501472 524192
6 4 443840 501504
5 4 501504 524192
4 4 524192 530272
5 5 501536 524208
6 5 443904 501568
5 5 501568 524208
6 6 443968 501600
7 3 341248 444032
6 3 444032 501600
5 3 501600 524208
4 3 524208 530272
3 3 530272 531328
4 4 524224 530280
5 4 501632 524240
4 4 524240 530280
5 5 501664 524256
6 4 444096 501696
5 4 501696 524256
4 4 524256 530280
5 5 501728 524272
6 5 444160 501760
5 5 501760 524272
6 6 444224 501792
7 4 341376 444288
6 4 444288 501792
5 4 501792 524272
4 4 524272 530280
5 5 501824 524288
6 5 444352 501856
5 5 501856 524288
6 6 444416 501888
7 5 341504 444480
6 5 444480 501888
5 5 501888 524288
6 6 444544 501920
7 6 341632 444608
6 6 444608 501920
7 7 341760 444672
8 3 211712 341888
7 3 341888 444672
6 3 444672 501920
5 3 501920 524288
4 3 524288 530280
3 3 530280 531328
4 4 524304 530288
5 4 501952 524320
4 4 524320 530288
5 5 501984 524336
6 4 444736 502016
5 4 502016 524336
4 4 524336 530288
5 5 502048 524352
6 5 444800 502080
5 5 502080 524352
6 6 444864 502112
7 4 342016 444928
6 4 444928 502112
5 4 502112 524352
4 4 524352 530288
5 5 502144 524368
6 5 444992 502176
5 5 502176 524368
6 6 445056 502208
7 5 342144 445120
6 5 445120 502208
5 5 502208 524368
6 6 445184 502240
7 6 342272 445248
6 6 445248 502240
7 7 342400 445312
8 4 211968 342528
7 4 342528 445312
6 4 445312 502240
5 4 502240 524368
4 4 524368 530288
5 5 502272 524384
6 5 445376 502304
5 5 502304 524384
6 6 445440 502336
7 5 342656 445504
6 5 445504 502336
5 5 502336 524384
6 6 445568 502368
7 6 342784 445632
6 6 445632 502368
7 7 342912 445696
8 5 212224 343040
7 5 343040 445696
6 5 445696 502368
5 5 502368 524384
6 6 445760 502400
7 6 343168 445824
6 6 445824 502400
7 7 343296 445888
8 6 212480 343424
7 6 343424 445888
6 6 445888 502400
7 7 343552 445952
8 7 212736 343680
7 7 343680 445952
8 8 212992 343808
9 2 97280 213248
8 2 213248 343808
7 2 343808 445952
6 2 445952 502400
5 2 502400 524384
4 2 524384 530288
3 2 530288 531328
2 2 531328 531436
3 3 530296 531332
4 3 524400 530304
3 3 530304 531332
4 4 524416 530312
5 3 502432 524432
4 3 524432 530312
3 3 530312 531332
4 4 524448 530320
5 4 502464 524464
4 4 524464 530320
5 5 502496 524480
6 3 446016 502528
5 3 502528 524480
4 3 524480 530320
3 3 530320 531332
4 4 524496 530328
5 4 502560 524512
4 4 524512 530328
5 5 502592 524528
6 4 446080 502624
5 4 502624 524528
4 4 524528 530328
5 5 502656 524544
6 5 446144 502688
5 5 502688 524544
6 6 446208 502720
7 3 343936 446272
6 3 446272 502720
5 3 502720 524544
4 3 524544 530328
3 3 530328 531332
4 4 524560 530336
5 4 502752 524576
4 4 524576 530336
5 5 502784 524592
6 4 446336 502816
5 4 502816 524592
4 4 524592 530336
5 5 502848 524608
6 5 446400 502880
5 5 502880 524608
6 6 446464 502912
7 4 344064 446528
6 4 446528 502912
5 4 502912 524608
4 4 524608 530336
5 5 502944 524624
6 5 446592 502976
5 5 502976 524624
6 6 446656 503008
7 5 344192 446720
6 5 446720 503008
5 5 503008 524624
6 6 446784 503040
7 6 344320 446848
6 6 446848 503040
7 7 344448 446912
8 3 213504 344576
7 3 344576 446912
6 3 446912 503040
5 3 503040 524624
4 3 524624 530336
3 3 530336 531332
4 4 524640 530344
5 4 503072 524656
4 4 524656 530344
5 5 503104 524672
6 4 446976 503136
5 4 503136 524672
4 4 524672 530344
5 5 503168 524688
6 5 447040 503200
5 5 503200 524688
6 6 447104 503232
7 4 344704 447168
6 4 447168 503232
5 4 503232 524688
4 4 524688 530344
5 5 503264 524704
6 5 447232 503296
5 5 503296 524704
6 6 447296 503328
7 5 344832 447360
6 5 447360 503328
5 5 503328 524704
6 6 447424 503360
7 6 344960 447488
6 6 447488 503360
7 7 345088 447552
8 4 213760 345216
7 4 345216 447552
6 4 447552 503360
5 4 503360 524704
4 4 524704 530344
5 5 503392 524720
6 5 447616 503424
5 5 503424 524720
6 6 447680 503456
7 5 345344 447744
6 5 447744 503456
5 5 503456 524720
6 6 447808 503488
7 6 345472 447872
6 6 447872 503488
7 7 345600 447936
8 5 214016 345728
7 5 345728 447936
6 5 447936 503488
5 5 503488 524720
6 6 448000 503520
7 6 345856 448064
6 6 448064 503520
7 7 345984 448128
8 6 214272 346112
7 6 346112 448128
6 6 448128 503520
7 7 346240 448192
8 7 214528 346368
7 7 346368 448192
8 8 214784 346496
9 3 97792 215040
8 3 215040 346496
7 3 346496 448192
6 3 448192 503520
5 3 503520 524720
4 3 524720 530344
3 3 530344 531332
4 4 524736 530352
5 4 503552 524752
4 4 524752 530352
5 5 503584 524768
6 4 448256 503616
5 4 503616 524768
4 4 524768 530352
5 5 503648 524784
6 5 448320 503680
5 5 503680 524784
6 6 448384 503712
7 4 346624 448448
6 4 448448 503712
5 4 503712 524784
4 4 524784 530352
5 5 503744 524800
6 5 448512 503776
5 5 503776 524800
6 6 448576 503808
7 5 346752 448640
6 5 448640 503808
5 5 503808 524800
6 6 448704 503840
7 6 346880 448768
6 6 448768 503840
7 7 347008 448832
8 4 215296 347136
7 4 347136 448832
6 4 448832 503840
5 4 503840 524800
4 4 524800 530352
5 5 503872 524816
6 5 448896 503904
5 5 503904 524816
6 6 448960 503936
7 5 347264 449024
6 5 449024 503936
5 5 503936 524816
6 6 449088 503968
7 6 347392 449152
6 6 449152 503968
7 7 347520 449216
8 5 215552 347648
7 5 347648 449216
6 5 449216 503968
5 5 503968 524816
6 6 449280 504000
7 6 347776 449344
6 6 449344 504000
7 7 347904 449408
8 6 215808 348032
7 6 348032 449408
6 6 449408 504000
7 7 348160 449472
8 7 216064 348288
7 7 348288 449472
8 8 216320 348416
9 4 98304 216576
8 4 216576 348416
7 4 348416 449472
6 4 449472 504000
5 4 504000 524816
4 4 524816 530352
5 5 504032 524832
6 5 449536 504064
5 5 504064 524832
6 6 449600 504096
7 5 348544 449664
6 5 449664 504096
5 5 504096 524832
6 6 449728 504128
7 6 348672 449792
6 6 449792 504128
7 7 348800 449856
8 5 216832 348928
7 5 348928 449856
6 5 449856 504128
5 5 504128 524832
6 6 449920 504160
7 6 349056 449984
6 6 449984 504160
7 7 349184 450048
8 6 217088 349312
7 6 349312 450048
6 6 450048 504160
7 7 349440 450112
8 7 217344 349568
7 7 349568 450112
8 8 217600 349696
9 5 98816 217856
8 5 217856 349696
7 5 349696 450112
6 5 450112 504160
5 5 504160 524832
6 6 450176 504192
7 6 349824 450240
6 6 450240 504192
7 7 349952 450304
8 6 218112 350080
7 6 350080 450304
6 6 450304 504192
7 7 350208 450368
8 7 218368 350336
7 7 350336 450368
8 8 218624 350464
9 6 99328 218880
8 6 218880 350464
7 6 350464 450368
6 6 450368 504192
7 7 350592 450432
8 7 219136 350720
7 7 350720 450432
8 8 219392 350848
9 7 99840 219648
8 7 219648 350848
7 7 350848 450432
8 8 219904 350976
9 8 100352 220160
8 8 220160 350976
9 9 100864 220416
10 1 29696 101376
9 1 101376 220416
8 1 220416 350976
7 1 350976 450432
6 1 450432 504192
5 1 504192 524832
4 1 524832 530352
3 1 530352 531332
2 1 531332 531436
1 1 531436 531441
2 2 531336 531438
3 2 530360 531340
2 2 531340 531438
3 3 530368 531344
4 2 524848 530376
3 2 530376 531344
2 2 531344 531438
3 3 530384 531348
4 3 524864 530392
3 3 530392 531348
4 4 524880 530400
5 2 504224 524896
4 2 524896 530400
3 2 530400 531348
2 2 531348 531438
3 3 530408 531352
4 3 524912 530416
3 3 530416 531352
4 4 524928 530424
5 3 504256 524944
4 3 524944 530424
3 3 530424 531352
4 4 524960 530432
5 4 504288 524976
4 4 524976 530432
5 5 504320 524992
6 2 450496 504352
5 2 504352 524992
4 2 524992 530432
3 2 530432 531352
2 2 531352 531438
3 3 530440 531356
4 3 525008 530448
3 3 530448 531356
4 4 525024 530456
5 3 504384 525040
4 3 525040 530456
3 3 530456 531356
4 4 525056 530464
5 4 504416 525072
4 4 525072 530464
5 5 504448 525088
6 3 450560 504480
5 3 504480 525088
4 3 525088 530464
3 3 530464 531356
4 4 525104 530472
5 4 504512 525120
4 4 525120 530472
5 5 504544 525136
6 4 450624 504576
5 4 504576 525136
4 4 525136 530472
5 5 504608 525152
6 5 450688 504640
5 5 504640 525152
6 6 450752 504672
7 2 351104 450816
6 2 450816 504672
5 2 504672 525152
4 2 525152 530472
3 2 530472 531356
2 2 531356 531438
3 3 530480 531360
4 3 525168 530488
3 3 530488 531360
4 4 525184 530496
5 3 504704 525200
4 3 525200 530496
3 3 530496 531360
4 4 525216 530504
5 4 504736 525232
4 4 525232 530504
5 5 504768 525248
6 3 450880 504800
5 3 504800 525248
4 3 525248 530504
3 3 530504 531360
4 4 525264 530512
5 4 504832 525280
4 4 525280 530512
5 5 504864 525296
6 4 450944 504896
5 4 504896 525296
4 4 525296 530512
5 5 504928 525312
6 5 451008 504960
5 5 504960 525312
6 6 451072 504992
7 3 351232 451136
6 3 451136 504992
5 3 504992 525312
4 3 525312 530512
3 3 530512 531360
4 4 525328 530520
5 4 505024 525344
4 4 525344 530520
5 5 505056 525360
6 4 451200 505088
5 4 505088 525360
4 4 525360 530520
5 5 505120 525376
6 5 451264 505152
5 5 505152 525376
6 6 451328 505184
7 4 351360 451392
6 4 451392 505184
5 4 505184 525376
4 4 525376 530520
5 5 505216 525392
6 5 451456 505248
5 5 505248 525392
6 6 451520 505280
7 5 351488 451584
6 5 451584 505280
5 5 505280 525392
6 6 451648 505312
7 6 351616 451712
6 6 451712 505312
7 7 351744 451776
8 2 220672 351872
7 2 351872 451776
6 2 451776 505312
5 2 505312 525392
4 2 525392 530520
3 2 530520 531360
2 2 531360 531438
3 3 530528 531364
4 3 525408 530536
3 3 530536 531364
4 4 525424 530544
5 3 505344 525440
4 3 525440 530544
3 3 530544 531364
4 4 525456 530552
5 4 505376 525472
4 4 525472 530552
5 5 505408 525488
6 3 451840 505440
5 3 505440 525488
4 3 525488 530552
3 3 530552 531364
4 4 525504 530560
5 4 505472 525520
4 4 525520 530560
5 5 505504 525536
6 4 451904 505536
5 4 505536 525536
4 4 525536 530560
5 5 505568 525552
6 5 451968 505600
5 5 505600 525552
6 6 452032 505632
7 3 352000 452096
6 3 452096 505632
5 3 505632 525552
4 3 525552 530560
3 3 530560 531364
4 4 525568 530568
5 4 505664 525584
4 4 525584 530568
5 5 505696 525600
6 4 452160 505728
5 4 505728 525600
4 4 525600 530568
5 5 505760 525616
6 5 452224 505792
5 5 505792 525616
6 6 452288 505824
7 4 352128 452352
6 4 452352 505824
5 4 505824 525616
4 4 525616 530568
5 5 505856 525632
6 5 452416 505888
5 5 505888 525632
6 6 452480 505920
7 5 352256 452544
6 5 452544 505920
5 5 505920 525632
6 6 452608 505952
7 6 352384 452672
6 6 452672 505952
7 7 352512 452736
8 3 220928 352640
7 3 352640 452736
6 3 452736 505952
5 3 505952 525632
4 3 525632 530568
3 3 530568 531364
4 4 525648 530576
5 4 505984 525664
4 4 525664 530576
5 5 506016 525680
6 4 452800 506048
5 4 506048 525680
4 4 525680 530576
5 5 506080 525696
6 5 452864 506112
5 5 506112 525696
6 6 452928 506144
7 4 352768 452992
6 4 452992 506144
5 4 506144 525696
4 4 525696 530576
5 5 506176 525712
6 5 453056 506208
5 5 506208 525712
6 6 453120 506240
7 5 352896 453184
6 5 453184 506240
5 5 506240 525712
6 6 453248 506272
7 6 353024 453312
6 6 453312 506272
7 7 353152 453376
8 4 221184 353280
7 4 353280 453376
6 4 453376 506272
5 4 506272 525712
4 4 525712 530576
5 5 506304 525728
6 5 453440 506336
5 5 506336 525728
6 6 453504 506368
7 5 353408 453568
6 5 453568 506368
5 5 506368 525728
6 6 453632 506400
7 6 353536 453696
6 6 453696 506400
7 7 353664 453760
8 5 221440 353792
7 5 353792 453760
6 5 453760 506400
5 5 506400 525728
6 6 453824 506432
7 6 353920 453888
6 6 453888 506432
7 7 354048 453952
8 6 221696 354176
7 6 354176 453952
6 6 453952 506432
7 7 354304 454016
8 7 221952 354432
7 7 354432 454016
8 8 222208 354560
9 2 101888 222464
8 2 222464 354560
7 2 354560 454016
6 2 454016 506432
5 2 506432 525728
4 2 525728 530576
3 2 530576 531364
2 2 531364 531438
3 3 530584 531368
4 3 525744 530592
3 3 530592 531368
4 4 525760 530600
5 3 506464 525776
4 3 525776 530600
3 3 530600 531368
4 4 525792 530608
5 4 506496 525808
4 4 525808 530608
5 5 506528 525824
6 3 454080 506560
5 3 506560 525824
4 3 525824 530608
3 3 530608 531368
4 4 525840 530616
5 4 506592 525856
4 4 525856 530616
5 5 506624 525872
6 4 454144 506656
5 4 506656 525872
4 4 525872 530616
5 5 506688 525888
6 5 454208 506720
5 5 506720 525888
6 6 454272 506752
7 3 354688 454336
6 3 454336 506752
5 3 506752 525888
4 3 525888 530616
3 3 530616 531368
4 4 525904 530624
5 4 506784 525920
4 4 525920 530624
5 5 506816 525936
6 4 454400 506848
5 4 506848 525936
4 4 525936 530624
5 5 506880 525952
6 5 454464 506912
5 5 506912 525952
6 6 454528 506944
7 4 354816 454592
6 4 454592 506944
5 4 506944 525952
4 4 525952 530624
5 5 506976 525968
6 5 454656 507008
5 5 507008 525968
6 6 454720 507040
7 5 354944 454784
6 5 454784 507040
5 5 507040 525968
6 6 454848 507072
7 6 355072 454912
6 6 454912 507072
7 7 355200 454976
8 3 222720 355328
7 3 355328 454976
6 3 454976 507072
5 3 507072 525968
4 3 525968 530624
3 3 530624 531368
4 4 525984 530632
5 4 507104 526000
4 4 526000 530632
5 5 507136 526016
6 4 455040 507168
5 4 507168 526016
4 4 526016 530632
5 5 507200 526032
6 5 455104 507232
5 5 507232 526032
6 6 455168 507264
7 4 355456 455232
6 4 455232 507264
5 4 507264 526032
4 4 526032 530632
5 5 507296 526048
6 5 455296 507328
5 5 507328 526048
6 6 455360 507360
7 5 355584 455424
6 5 455424 507360
5 5 507360 526048
6 6 455488 507392
7 6 355712 455552
6 6 455552 507392
7 7 355840 455616
8 4 222976 355968
7 4 355968 455616
6 4 455616 507392
5 4 507392 526048
4 4 526048 530632
5 5 507424 526064
6 5 455680 507456
5 5 507456 526064
6 6 455744 507488
7 5 356096 455808
6 5 455808 507488
5 5 507488 526064
6 6 455872 507520
7 6 356224 455936
6 6 455936 507520
7 7 356352 456000
8 5 223232 356480
7 5 356480 456000
6 5 456000 507520
5 5 507520 526064
6 6 456064 507552
7 6 356608 456128
6 6 456128 507552
7 7 356736 456192
8 6 223488 356864
7 6 356864 456192
6 6 456192 507552
7 7 356992 456256
8 7 223744 357120
7 7 357120 456256
8 8 224000 357248
9 3 102400 224256
8 3 224256 357248
7 3 357248 456256
6 3 456256 507552
5 3 507552 526064
4 3 526064 530632
3 3 530632 531368
4 4 526080 530640
5 4 507584 526096
4 4 526096 530640
5 5 507616 526112
6 4 456320 507648
5 4 507648 526112
4 4 526112 530640
5 5 507680 526128
6 5 456384 507712
5 5 507712 526128
6 6 456448 507744
7 4 357376 456512
6 4 456512 507744
5 4 507744 526128
4 4 526128 530640
5 5 507776 526144
6 5 456576 507808
5 5 507808 526144
6 6 456640 507840
7 5 357504 456704
6 5 456704 507840
5 5 507840 526144
6 6 456768 507872
7 6 357632 456832
6 6 456832 507872
7 7 357760 456896
8 4 224512 357888
7 4 357888 456896
6 4 456896 507872
5 4 507872 526144
4 4 526144 530640
5 5 507904 526160
6 5 456960 507936
5 5 507936 526160
6 6 457024 507968
7 5 358016 457088
6 5 457088 507968
5 5 507968 526160
6 6 457152 508000
7 6 358144 457216
6 6 457216 508000
7 7 358272 457280
8 5 224768 358400
7 5 358400 457280
6 5 457280 508000
5 5 508000 526160
6 6 457344 508032
7 6 358528 457408
6 6 457408 508032
7 7 358656 457472
8 6 225024 358784
7 6 358784 457472
6 6 457472 508032
7 7 358912 457536
8 7 225280 359040
7 7 359040 457536
8 8 225536 359168
9 4 102912 225792
8 4 225792 359168
7 4 359168 457536
6 4 457536 508032
5 4 508032 526160
4 4 526160 530640
5 5 508064 526176
6 5 457600 508096
5 5 508096 526176
6 6 457664 508128
7 5 359296 457728
6 5 457728 508128
5 5 508128 526176
6 6 457792 508160
7 6 359424 457856
6 6 457856 508160
7 7 359552 457920
8 5 226048 359680
7 5 359680 457920
6 5 457920 508160
5 5 508160 526176
6 6 457984 508192
7 6 359808 458048
6 6 458048 508192
7 7 359936 458112
8 6 226304 360064
7 6 360064 458112
6 6 458112 508192
7 7 360192 458176
8 7 226560 360320
7 7 360320 458176
8 8 226816 360448
9 5 103424 227072
8 5 227072 360448
7 5 360448 458176
6 5 458176 508192
5 5 508192 526176
6 6 458240 508224
7 6 360576 458304
6 6 458304 508224
7 7 360704 458368
8 6 227328 360832
7 6 360832 458368
6 6 458368 508224
7 7 360960 458432
8 7 227584 361088
7 7 361088 458432
8 8 227840 361216
9 6 103936 228096
8 6 228096 361216
7 6 361216 458432
6 6 458432 508224
7 7 361344 458496
8 7 228352 361472
7 7 361472 458496
8 8 228608 361600
9 7 104448 228864
8 7 228864 361600
7 7 361600 458496
8 8 229120 361728
9 8 104960 229376
8 8 229376 361728
9 9 105472 229632
10 2 30720 105984
9 2 105984 229632
8 2 229632 361728
7 2 361728 458496
6 2 458496 508224
5 2 508224 526176
4 2 526176 530640
3 2 530640 531368
2 2 531368 531438
3 3 530648 531372
4 3 526192 530656
3 3 530656 531372
4 4 526208 530664
5 3 508256 526224
4 3 526224 530664
3 3 530664 531372
4 4 526240 530672
5 4 508288 526256
4 4 526256 530672
5 5 508320 526272
6 3 458560 508352
5 3 508352 526272
4 3 526272 530672
3 3 530672 531372
4 4 526288 530680
5 4 508384 526304
4 4 526304 530680
5 5 508416 526320
6 4 458624 508448
5 4 508448 526320
4 4 526320 530680
5 5 508480 526336
6 5 458688 508512
5 5 508512 526336
6 6 458752 508544
7 3 361856 458816
6 3 458816 508544
5 3 508544 526336
4 3 526336 530680
3 3 530680 531372
4 4 526352 530688
5 4 508576 526368
4 4 526368 530688
5 5 508608 526384
6 4 458880 508640
5 4 508640 526384
4 4 526384 530688
5 5 508672 526400
6 5 458944 508704
5 5 508704 526400
6 6 459008 508736
7 4 361984 459072
6 4 459072 508736
5 4 508736 526400
4 4 526400 530688
5 5 508768 526416
6 5 459136 508800
5 5 508800 526416
6 6 459200 508832
7 5 362112 459264
6 5 459264 508832
5 5 508832 526416
6 6 459328 508864
7 6 362240 459392
6 6 459392 508864
7 7 362368 459456
8 3 229888 362496
7 3 362496 459456
6 3 459456 508864
5 3 508864 526416
4 3 526416 530688
3 3 530688 531372
4 4 526432 530696
5 4 508896 526448
4 4 526448 530696
5 5 508928 526464
6 4 459520 508960
5 4 508960 526464
4 4 526464 530696
5 5 508992 526480
6 5 459584 509024
5 5 509024 526480
6 6 459648 509056
7 4 362624 459712
6 4 459712 509056
5 4 509056 526480
4 4 526480 530696
5 5 509088 526496
6 5 459776 509120
5 5 509120 526496
6 6 459840 509152
7 5 362752 459904
6 5 459904 509152
5 5 509152 526496
6 6 459968 509184
7 6 362880 460032
6 6 460032 509184
7 7 363008 460096
8 4 230144 363136
7 4 363136 460096
6 4 460096 509184
5 4 509184 526496
4 4 526496 530696
5 5 509216 526512
6 5 460160 509248
5 5 509248 526512
6 6 460224 509280
7 5 363264 460288
6 5 460288 509280
5 5 509280 526512
6 6 460352 509312
7 6 363392 460416
6 6 460416 509312
7 7 363520 460480
8 5 230400 363648
7 5 363648 460480
6 5 460480 509312
5 5 509312 526512
6 6 460544 509344
7 6 363776 460608
6 6 460608 509344
7 7 363904 460672
8 6 230656 364032
7 6 364032 460672
6 6 460672 509344
7 7 364160 460736
8 7 230912 364288
7 7 364288 460736
8 8 231168 364416
9 3 106496 231424
8 3 231424 364416
7 3 364416 460736
6 3 460736 509344
5 3 509344 526512
4 3 526512 530696
3 3 530696 531372
4 4 526528 530704
5 4 509376 526544
4 4 526544 530704
5 5 509408 526560
6 4 460800 509440
5 4 509440 526560
4 4 526560 530704
5 5 509472 526576
6 5 460864 509504
5 5 509504 526576
6 6 460928 509536
7 4 364544 460992
6 4 460992 509536
5 4 509536 526576
4 4 526576 530704
5 5 509568 526592
6 5 461056 509600
5 5 509600 526592
6 6 461120 509632
7 5 364672 461184
6 5 461184 509632
5 5 509632 526592
6 6 461248 509664
7 6 364800 461312
6 6 461312 509664
7 7 364928 461376
8 4 231680 365056
7 4 365056 461376
6 4 461376 509664
5 4 509664 526592
4 4 526592 530704
5 5 509696 526608
6 5 461440 509728
5 5 509728 526608
6 6 461504 509760
7 5 365184 461568
6 5 461568 509760
5 5 509760 526608
6 6 461632 509792
7 6 365312 461696
6 6 461696 509792
7 7 365440 461760
8 5 231936 365568
7 5 365568 461760
6 5 461760 509792
5 5 509792 526608
6 6 461824 509824
7 6 365696 461888
6 6 461888 509824
7 7 365824 461952
8 6 232192 365952
7 6 365952 461952
6 6 461952 509824
7 7 366080 462016
8 7 232448 366208
7 7 366208 462016
8 8 232704 366336
9 4 107008 232960
8 4 232960 366336
7 4 366336 462016
6 4 462016 509824
5 4 509824 526608
4 4 526608 530704
5 5 509856 526624
6 5 462080 509888
5 5 509888 526624
6 6 462144 509920
7 5 366464 462208
6 5 462208 509920
5 5 509920 526624
6 6 462272 509952
7 6 366592 462336
6 6 462336 509952
7 7 366720 462400
8 5 233216 366848
7 5 366848 462400
6 5 462400 509952
5 5 509952 526624
6 6 462464 509984
7 6 366976 462528
6 6 462528 509984
7 7 367104 462592
8 6 233472 367232
7 6 367232 462592
6 6 462592 509984
7 7 367360 462656
8 7 233728 367488
7 7 367488 462656
8 8 233984 367616
9 5 107520 234240
8 5 234240 367616
7 5 367616 462656
6 5 462656 509984
5 5 509984 526624
6 6 462720 510016
7 6 367744 462784
6 6 462784 510016
7 7 367872 462848
8 6 234496 368000
7 6 368000 462848
6 6 462848 510016
7 7 368128 462912
8 7 234752 368256
7 7 368256 462912
8 8 235008 368384
9 6 108032 235264
8 6 235264 368384
7 6 368384 462912
6 6 462912 510016
7 7 368512 462976
8 7 235520 368640
7 7 368640 462976
8 8 235776 368768
9 7 108544 236032
8 7 236032 368768
7 7 368768 462976
8 8 236288 368896
9 8 109056 236544
8 8 236544 368896
9 9 109568 236800
10 3 31744 110080
9 3 110080 236800
8 3 236800 368896
7 3 368896 462976
6 3 462976 510016
5 3 510016 526624
4 3 526624 530704
3 3 530704 531372
4 4 526640 530712
5 4 510048 526656
4 4 526656 530712
5 5 510080 526672
6 4 463040 510112
5 4 510112 526672
4 4 526672 530712
5 5 510144 526688
6 5 463104 510176
5 5 510176 526688
6 6 463168 510208
7 4 369024 463232
6 4 463232 510208
5 4 510208 526688
4 4 526688 530712
5 5 510240 526704
6 5 463296 510272
5 5 510272 526704
6 6 463360 510304
7 5 369152 463424
6 5 463424 510304
5 5 510304 526704
6 6 463488 510336
7 6 369280 463552
6 6 463552 510336
7 7 369408 463616
8 4 237056 369536
7 4 369536 463616
6 4 463616 510336
5 4 510336 526704
4 4 526704 530712
5 5 510368 526720
6 5 463680 510400
5 5 510400 526720
6 6 463744 510432
7 5 369664 463808
6 5 463808 510432
5 5 510432 526720
6 6 463872 510464
7 6 369792 463936
6 6 463936 510464
7 7 369920 464000
8 5 237312 370048
7 5 370048 464000
6 5 464000 510464
5 5 510464 526720
6 6 464064 510496
7 6 370176 464128
6 6 464128 510496
7 7 370304 464192
8 6 237568 370432
7 6 370432 464192
6 6 464192 510496
7 7 370560 464256
8 7 237824 370688
7 7 370688 464256
8 8 238080 370816
9 4 110592 238336
8 4 238336 370816
7 4 370816 464256
6 4 464256 510496
5 4 510496 526720
4 4 526720 530712
5 5 510528 526736
6 5 464320 510560
5 5 510560 526736
6 6 464384 510592
7 5 370944 464448
6 5 464448 510592
5 5 510592 526736
6 6 464512 510624
7 6 371072 464576
6 6 464576 510624
7 7 371200 464640
8 5 238592 371328
7 5 371328 464640
6 5 464640 510624
5 5 510624 526736
6 6 464704 510656
7 6 371456 464768
6 6 464768 510656
7 7 371584 464832
8 6 238848 371712
7 6 371712 464832
6 6 464832 510656
7 7 371840 464896
8 7 239104 371968
7 7 371968 464896
8 8 239360 372096
9 5 111104 239616
8 5 239616 372096
7 5 372096 464896
6 5 464896 510656
5 5 510656 526736
6 6 464960 510688
7 6 372224 465024
6 6 465024 510688
7 7 372352 465088
8 6 239872 372480
7 6 372480 465088
6 6 465088 510688
7 7 372608 465152
8 7 240128 372736
7 7 372736 465152
8 8 240384 372864
9 6 111616 240640
8 6 240640 372864
7 6 372864 465152
6 6 465152 510688
7 7 372992 465216
8 7 240896 373120
7 7 373120 465216
8 8 241152 373248
9 7 112128 241408
8 7 241408 373248
7 7 373248 465216
8 8 241664 373376
9 8 112640 241920
8 8 241920 373376
9 9 113152 242176
10 4 32768 113664
9 4 113664 242176
8 4 242176 373376
7 4 373376 465216
6 4 465216 510688
5 4 510688 526736
4 4 526736 530712
5 5 510720 526752
6 5 465280 510752
5 5 510752 526752
6 6 465344 510784
7 5 373504 465408
6 5 465408 510784
5 5 510784 526752
6 6 465472 510816
7 6 373632 465536
6 6 465536 510816
7 7 373760 465600
8 5 242432 373888
7 5 373888 465600
6 5 465600 510816
5 5 510816 526752
6 6 465664 510848
7 6 374016 465728
6 6 465728 510848
7 7 374144 465792
8 6 242688 374272
7 6 374272 465792
6 6 465792 510848
7 7 374400 465856
8 7 242944 374528
7 7 374528 465856
8 8 243200 374656
9 5 114176 243456
8 5 243456 374656
7 5 374656 465856
6 5 465856 510848
5 5 510848 526752
6 6 465920 510880
7 6 374784 465984
6 6 465984 510880
7 7 374912 466048
8 6 243712 375040
7 6 375040 466048
6 6 466048 510880
7 7 375168 466112
8 7 243968 375296
7 7 375296 466112
8 8 244224 375424
9 6 114688 244480
8 6 244480 375424
7 6 375424 466112
6 6 466112 510880
7 7 375552 466176
8 7 244736 375680
7 7 375680 466176
8 8 244992 375808
9 7 115200 245248
8 7 245248 375808
7 7 375808 466176
8 8 245504 375936
9 8 115712 245760
8 8 245760 375936
9 9 116224 246016
10 5 33792 116736
9 5 116736 246016
8 5 246016 375936
7 5 375936 466176
6 5 466176 510880
5 5 510880 526752
6 6 466240 510912
7 6 376064 466304
6 6 466304 510912
7 7 376192 466368
8 6 246272 376320
7 6 376320 466368
6 6 466368 510912
7 7 376448 466432
8 7 246528 376576
7 7 376576 466432
8 8 246784 376704
9 6 117248 247040
8 6 247040 376704
7 6 376704 466432
6 6 466432 510912
7 7 376832 466496
8 7 247296 376960
7 7 376960 466496
8 8 247552 377088
9 7 117760 247808
8 7 247808 377088
7 7 377088 466496
8 8 248064 377216
9 8 118272 248320
8 8 248320 377216
9 9 118784 248576
10 6 34816 119296
9 6 119296 248576
8 6 248576 377216
7 6 377216 466496
6 6 466496 510912
7 7 377344 466560
8 7 248832 377472
7 7 377472 466560
8 8 249088 377600
9 7 119808 249344
8 7 249344 377600
7 7 377600 466560
8 8 249600 377728
9 8 120320 249856
8 8 249856 377728
9 9 120832 250112
10 7 35840 121344
9 7 121344 250112
8 7 250112 377728
7 7 377728 466560
8 8 250368 377856
9 8 121856 250624
8 8 250624 377856
9 9 122368 250880
10 8 36864 122880
9 8 122880 250880
8 8 250880 377856
9 9 123392 251136
10 9 37888 123904
9 9 123904 251136
10 10 38912 124416
11 1 6144 39936
10 1 39936 124416
9 1 124416 251136
8 1 251136 377856
7 1 377856 466560
6 1 466560 510912
5 1 510912 526752
4 1 526752 530712
3 1 530712 531372
2 1 531372 531438
1 1 531438 531441
2 2 531376 531440
3 2 530720 531380
2 2 531380 531440
3 3 530728 531384
4 2 526768 530736
3 2 530736 531384
2 2 531384 531440
3 3 530744 531388
4 3 526784 530752
3 3 530752 531388
4 4 526800 530760
5 2 510944 526816
4 2 526816 530760
3 2 530760 531388
2 2 531388 531440
3 3 530768 531392
4 3 526832 530776
3 3 530776 531392
4 4 526848 530784
5 3 510976 526864
4 3 526864 530784
3 3 530784 531392
4 4 526880 530792
5 4 511008 526896
4 4 526896 530792
5 5 511040 526912
6 2 466624 511072
5 2 511072 526912
4 2 526912 530792
3 2 530792 531392
2 2 531392 531440
3 3 530800 531396
4 3 526928 530808
3 3 530808 531396
4 4 526944 530816
5 3 511104 526960
4 3 526960 530816
3 3 530816 531396
4 4 526976 530824
5 4 511136 526992
4 4 526992 530824
5 5 511168 527008
6 3 466688 511200
5 3 511200 527008
4 3 527008 530824
3 3 530824 531396
4 4 527024 530832
5 4 511232 527040
4 4 527040 530832
5 5 511264 527056
6 4 466752 511296
5 4 511296 527056
4 4 527056 530832
5 5 511328 527072
6 5 466816 511360
5 5 511360 527072
6 6 466880 511392
7 2 377984 466944
6 2 466944 511392
5 2 511392 527072
4 2 527072 530832
3 2 530832 531396
2 2 531396 531440
3 3 530840 531400
4 3 527088 530848
3 3 530848 531400
4 4 527104 530856
5 3 511424 527120
4 3 527120 530856
3 3 530856 531400
4 4 527136 530864
5 4 511456 527152
4 4 527152 530864
5 5 511488 527168
6 3 467008 511520
5 3 511520 527168
4 3 527168 530864
3 3 530864 531400
4 4 527184 530872
5 4 511552 527200
4 4 527200 530872
5 5 511584 527216
6 4 467072 511616
5 4 511616 527216
4 4 527216 530872
5 5 511648 527232
6 5 467136 511680
5 5 511680 527232
6 6 467200 511712
7 3 378112 467264
6 3 467264 511712
5 3 511712 527232
4 3 527232 530872
3 3 530872 531400
4 4 527248 530880
5 4 511744 527264
4 4 527264 530880
5 5 511776 527280
6 4 467328 511808
5 4 511808 527280
4 4 527280 530880
5 5 511840 527296
6 5 467392 511872
5 5 511872 527296
6 6 467456 511904
7 4 378240 467520
6 4 467520 511904
5 4 511904 527296
4 4 527296 530880
5 5 511936 527312
6 5 467584 511968
5 5 511968 527312
6 6 467648 512000
7 5 378368 467712
6 5 467712 512000
5 5 512000 527312
6 6 467776 512032
7 6 378496 467840
6 6 467840 512032
7 7 378624 467904
8 2 251392 378752
7 2 378752 467904
6 2 467904 512032
5 2 512032 527312
4 2 527312 530880
3 2 530880 531400
2 2 531400 531440
3 3 530888 531404
4 3 527328 530896
3 3 530896 531404
4 4 527344 530904
5 3 512064 527360
4 3 527360 530904
3 3 530904 531404
4 4 527376 530912
5 4 512096 527392
4 4 527392 530912
5 5 512128 527408
6 3 467968 512160
5 3 512160 527408
4 3 527408 530912
3 3 530912 531404
4 4 527424 530920
5 4 512192 527440
4 4 527440 530920
5 5 512224 527456
6 4 468032 512256
5 4 512256 527456
4 4 527456 530920
5 5 512288 527472
6 5 468096 512320
5 5 512320 527472
6 6 468160 512352
7 3 378880 468224
6 3 468224 512352
5 3 512352 527472
4 3 527472 530920
3 3 530920 531404
4 4 527488 530928
5 4 512384 527504
4 4 527504 530928
5 5 512416 527520
6 4 468288 512448
5 4 512448 527520
4 4 527520 530928
5 5 512480 527536
6 5 468352 512512
5 5 512512 527536
6 6 468416 512544
7 4 379008 468480
6 4 468480 512544
5 4 512544 527536
4 4 527536 530928
5 5 512576 527552
6 5 468544 512608
5 5 512608 527552
6 6 468608 512640
7 5 379136 468672
6 5 468672 512640
5 5 512640 527552
6 6 468736 512672
7 6 379264 468800
6 6 468800 512672
7 7 379392 468864
8 3 251648 379520
7 3 379520 468864
6 3 468864 512672
5 3 512672 527552
4 3 527552 530928
3 3 530928 531404
4 4 527568 530936
5 4 512704 527584
4 4 527584 530936
5 5 512736 527600
6 4 468928 512768
5 4 512768 527600
4 4 527600 530936
5 5 512800 527616
6 5 468992 512832
5 5 512832 527616
6 6 469056 512864
7 4 379648 469120
6 4 469120 512864
5 4 512864 527616
4 4 527616 530936
5 5 512896 527632
6 5 469184 512928
5 5 512928 527632
6 6 469248 512960
7 5 379776 469312
6 5 469312 512960
5 5 512960 527632
6 6 469376 512992
7 6 379904 469440
6 6 469440 512992
7 7 380032 469504
8 4 251904 380160
7 4 380160 469504
6 4 469504 512992
5 4 512992 527632
4 4 527632 530936
5 5 513024 527648
6 5 469568 513056
5 5 513056 527648
6 6 469632 513088
7 5 380288 469696
6 5 469696 513088
5 5 513088 527648
6 6 469760 513120
7 6 380416 469824
6 6 469824 513120
7 7 380544 469888
8 5 252160 380672
7 5 380672 469888
6 5 469888 513120
5 5 513120 527648
6 6 469952 513152
7 6 380800 470016
6 6 470016 513152
7 7 380928 470080
8 6 252416 381056
7 6 381056 470080
6 6 470080 513152
7 7 381184 470144
8 7 252672 381312
7 7 381312 470144
8 8 252928 381440
9 2 124928 253184
8 2 253184 381440
7 2 381440 470144
6 2 470144 513152
5 2 513152 527648
4 2 527648 530936
3 2 530936 531404
2 2 531404 531440
3 3 530944 531408
4 3 527664 530952
3 3 530952 531408
4 4 527680 530960
5 3 513184 527696
4 3 527696 530960
3 3 530960 531408
4 4 527712 530968
5 4 513216 527728
4 4 527728 530968
5 5 513248 527744
6 3 470208 513280
5 3 513280 527744
4 3 527744 530968
3 3 530968 531408
4 4 527760 530976
5 4 513312 527776
4 4 527776 530976
5 5 513344 527792
6 4 470272 513376
5 4 513376 527792
4 4 527792 530976
5 5 513408 527808
6 5 470336 513440
5 5 513440 527808
6 6 470400 513472
7 3 381568 470464
6 3 470464 513472
5 3 513472 527808
4 3 527808 530976
3 3 530976 531408
4 4 527824 530984
5 4 513504 527840
4 4 527840 530984
5 5 513536 527856
6 4 470528 513568
5 4 513568 527856
4 4 527856 530984
5 5 513600 527872
6 5 470592 513632
5 5 513632 527872
6 6 470656 513664
7 4 381696 470720
6 4 470720 513664
5 4 513664 527872
4 4 527872 530984
5 5 513696 527888
6 5 470784 513728
5 5 513728 527888
6 6 470848 513760
7 5 381824 470912
6 5 470912 513760
5 5 513760 527888
6 6 470976 513792
7 6 381952 471040
6 6 471040 513792
7 7 382080 471104
8 3 253440 382208
7 3 382208 471104
6 3 471104 513792
5 3 513792 527888
4 3 527888 530984
3 3 530984 531408
4 4 527904 530992
5 4 513824 527920
4 4 527920 530992
5 5 513856 527936
6 4 471168 513888
5 4 513888 527936
4 4 527936 530992
5 5 513920 527952
6 5 471232 513952
5 5 513952 527952
6 6 471296 513984
7 4 382336 471360
6 4 471360 513984
5 4 513984 527952
4 4 527952 530992
5 5 514016 527968
6 5 471424 514048
5 5 514048 527968
6 6 471488 514080
7 5 382464 471552
6 5 471552 514080
5 5 514080 527968
6 6 471616 514112
7 6 382592 471680
6 6 471680 514112
7 7 382720 471744
8 4 253696 382848
7 4 382848 471744
6 4 471744 514112
5 4 514112 527968
4 4 527968 530992
5 5 514144 527984
6 5 471808 514176
5 5 514176 527984
6 6 471872 514208
7 5 382976 471936
6 5 471936 514208
5 5 514208 527984
6 6 472000 514240
7 6 383104 472064
6 6 472064 514240
7 7 383232 472128
8 5 253952 383360
7 5 383360 472128
6 5 472128 514240
5 5 514240 527984
6 6 472192 514272
7 6 383488 472256
6 6 472256 514272
7 7 383616 472320
8 6 254208 383744
7 6 383744 472320
6 6 472320 514272
7 7 383872 472384
8 7 254464 384000
7 7 384000 472384
8 8 254720 384128
9 3 125440 254976
8 3 254976 384128
7 3 384128 472384
6 3 472384 514272
5 3 514272 527984
4 3 527984 530992
3 3 530992 531408
4 4 528000 531000
5 4 514304 528016
4 4 528016 531000
5 5 514336 528032
6 4 472448 514368
5 4 514368 528032
4 4 528032 531000
5 5 514400 528048
6 5 472512 514432
5 5 514432 528048
6 6 472576 514464
7 4 384256 472640
6 4 472640 514464
5 4 514464 528048
4 4 528048 531000
5 5 514496 528064
6 5 472704 514528
5 5 514528 528064
6 6 472768 514560
7 5 384384 472832
6 5 472832 514560
5 5 514560 528064
6 6 472896 514592
7 6 384512 472960
6 6 472960 514592
7 7 384640 473024
8 4 255232 384768
7 4 384768 473024
6 4 473024 514592
5 4 514592 528064
4 4 528064 531000
5 5 514624 528080
6 5 473088 514656
5 5 514656 528080
6 6 473152 514688
7 5 384896 473216
6 5 473216 514688
5 5 514688 528080
6 6 473280 514720
7 6 385024 473344
6 6 473344 514720
7 7 385152 473408
8 5 255488 385280
7 5 385280 473408
6 5 473408 514720
5 5 514720 528080
6 6 473472 514752
7 6 385408 473536
6 6 473536 514752
7 7 385536 473600
8 6 255744 385664
7 6 385664 473600
6 6 473600 514752
7 7 385792 473664
8 7 256000 385920
7 7 385920 473664
8 8 256256 386048
9 4 125952 256512
8 4 256512 386048
7 4 386048 473664
6 4 473664 514752
5 4 514752 528080
4 4 528080 531000
5 5 514784 528096
6 5 473728 514816
5 5 514816 528096
6 6 473792 514848
7 5 386176 473856
6 5 473856 514848
5 5 514848 528096
6 6 473920 514880
7 6 386304 473984
6 6 473984 514880
7 7 386432 474048
8 5 256768 386560
7 5 386560 474048
6 5 474048 514880
5 5 514880 528096
6 6 474112 514912
7 6 386688 474176
6 6 474176 514912
7 7 386816 474240
8 6 257024 386944
7 6 386944 474240
6 6 474240 514912
7 7 387072 474304
8 7 257280 387200
7 7 387200 474304
8 8 257536 387328
9 5 126464 257792
8 5 257792 387328
7 5 387328 474304
6 5 474304 514912
5 5 514912 528096
6 6 474368 514944
7 6 387456 474432
6 6 474432 514944
7 7 387584 474496
8 6 258048 387712
7 6 387712 474496
6 6 474496 514944
7 7 387840 474560
8 7 258304 387968
7 7 387968 474560
8 8 258560 388096
9 6 126976 258816
8 6 258816 388096
7 6 388096 474560
6 6 474560 514944
7 7 388224 474624
8 7 259072 388352
7 7 388352 474624
8 8 259328 388480
9 7 127488 259584
8 7 259584 388480
7 7 388480 474624
8 8 259840 388608
9 8 128000 260096
8 8 260096 388608
9 9 128512 260352
10 2 40960 129024
9 2 129024 260352
8 2 260352 388608
7 2 388608 474624
6 2 474624 514944
5 2 514944 528096
4 2 528096 531000
3 2 531000 531408
2 2 531408 531440
3 3 531008 531412
4 3 528112 531016
3 3 531016 531412
4 4 528128 531024
5 3 514976 528144
4 3 528144 531024
3 3 531024 531412
4 4 528160 531032
5 4 515008 528176
4 4 528176 531032
5 5 515040 528192
6 3 474688 515072
5 3 515072 528192
4 3 528192 531032
3 3 531032 531412
4 4 528208 531040
5 4 515104 528224
4 4 528224 531040
5 5 515136 528240
6 4 474752 515168
5 4 515168 528240
4 4 528240 531040
5 5 515200 528256
6 5 474816 515232
5 5 515232 528256
6 6 474880 515264
7 3 388736 474944
6 3 474944 515264
5 3 515264 528256
4 3 528256 531040
3 3 531040 531412
4 4 528272 531048
5 4 515296 528288
4 4 528288 531048
5 5 515328 528304
6 4 475008 515360
5 4 515360 528304
4 4 528304 531048
5 5 515392 528320
6 5 475072 515424
5 5 515424 528320
6 6 475136 515456
7 4 388864 475200
6 4 475200 515456
5 4 515456 528320
4 4 528320 531048
5 5 515488 528336
6 5 475264 515520
5 5 515520 528336
6 6 475328 515552
7 5 388992 475392
6 5 475392 515552
5 5 515552 528336
6 6 475456 515584
7 6 389120 475520
6 6 475520 515584
7 7 389248 475584
8 3 260608 389376
7 3 389376 475584
6 3 475584 515584
5 3 515584 528336
4 3 528336 531048
3 3 531048 531412
4 4 528352 531056
5 4 515616 528368
4 4 528368 531056
5 5 515648 528384
6 4 475648 515680
5 4 515680 528384
4 4 528384 531056
5 5 515712 528400
6 5 475712 515744
5 5 515744 528400
6 6 475776 515776
7 4 389504 475840
6 4 475840 515776
5 4 515776 528400
4 4 528400 531056
5 5 515808 528416
6 5 475904 515840
5 5 515840 528416
6 6 475968 515872
7 5 389632 476032
6 5 476032 515872
5 5 515872 528416
6 6 476096 515904
7 6 389760 476160
6 6 476160 515904
7 7 389888 476224
8 4 260864 390016
7 4 390016 476224
6 4 476224 515904
5 4 515904 528416
4 4 528416 531056
5 5 515936 528432
6 5 476288 515968
5 5 515968 528432
6 6 476352 516000
7 5 390144 476416
6 5 476416 516000
5 5 516000 528432
6 6 476480 516032
7 6 390272 476544
6 6 476544 516032
7 7 390400 476608
8 5 261120 390528
7 5 390528 476608
6 5 476608 516032
5 5 516032 528432
6 6 476672 516064
7 6 390656 476736
6 6 476736 516064
7 7 390784 476800
8 6 261376 390912
7 6 390912 476800
6 6 476800 516064
7 7 391040 476864
8 7 261632 391168
7 7 391168 476864
8 8 261888 391296
9 3 129536 262144
8 3 262144 391296
7 3 391296 476864
6 3 476864 516064
5 3 516064 528432
4 3 528432 531056
3 3 531056 531412
4 4 528448 531064
5 4 516096 528464
4 4 528464 531064
5 5 516128 528480
6 4 476928 516160
5 4 516160 528480
4 4 528480 531064
5 5 516192 528496
6 5 476992 516224
5 5 516224 528496
6 6 477056 516256
7 4 391424 477120
6 4 477120 516256
5 4 516256 528496
4 4 528496 531064
5 5 516288 528512
6 5 477184 516320
5 5 516320 528512
6 6 477248 516352
7 5 391552 477312
6 5 477312 516352
5 5 516352 528512
6 6 477376 516384
7 6 391680 477440
6 6 477440 516384
7 7 391808 477504
8 4 262400 391936
7 4 391936 477504
6 4 477504 516384
5 4 516384 528512
4 4 528512 531064
5 5 516416 528528
6 5 477568 516448
5 5 516448 528528
6 6 477632 516480
7 5 392064 477696
6 5 477696 516480
5 5 516480 528528
6 6 477760 516512
7 6 392192 477824
6 6 477824 516512
7 7 392320 477888
8 5 262656 392448
7 5 392448 477888
6 5 477888 516512
5 5 516512 528528
6 6 477952 516544
7 6 392576 478016
6 6 478016 516544
7 7 392704 478080
8 6 262912 392832
7 6 392832 478080
6 6 478080 516544
7 7 392960 478144
8 7 263168 393088
7 7 393088 478144
8 8 263424 393216
9 4 130048 263680
8 4 263680 393216
7 4 393216 478144
6 4 478144 516544
5 4 516544 528528
4 4 528528 531064
5 5 516576 528544
6 5 478208 516608
5 5 516608 528544
6 6 478272 516640
7 5 393344 478336
6 5 478336 516640
5 5 516640 528544
6 6 478400 516672
7 6 393472 478464
6 6 478464 516672
7 7 393600 478528
8 5 263936 393728
7 5 393728 478528
6 5 478528 516672
5 5 516672 528544
6 6 478592 516704
7 6 393856 478656
6 6 478656 516704
7 7 393984 478720
8 6 264192 394112
7 6 394112 478720
6 6 478720 516704
7 7 394240 478784
8 7 264448 394368
7 7 394368 478784
8 8 264704 394496
9 5 130560 264960
8 5 264960 394496
7 5 394496 478784
6 5 478784 516704
5 5 516704 528544
6 6 478848 516736
7 6 394624 478912
6 6 478912 516736
7 7 394752 478976
8 6 265216 394880
7 6 394880 478976
6 6 478976 516736
7 7 395008 479040
8 7 265472 395136
7 7 395136 479040
8 8 265728 395264
9 6 131072 265984
8 6 265984 395264
7 6 395264 479040
6 6 479040 516736
7 7 395392 479104
8 7 266240 395520
7 7 395520 479104
8 8 266496 395648
9 7 131584 266752
8 7 266752 395648
7 7 395648 479104
8 8 267008 395776
9 8 132096 267264
8 8 267264 395776
9 9 132608 267520
10 3 41984 133120
9 3 133120 267520
8 3 267520 395776
7 3 395776 479104
6 3 479104 516736
5 3 516736 528544
4 3 528544 531064
3 3 531064 531412
4 4 528560 531072
5 4 516768 528576
4 4 528576 531072
5 5 516800 528592
6 4 479168 516832
5 4 516832 528592
4 4 528592 531072
5 5 516864 528608
6 5 479232 516896
5 5 516896 528608
6 6 479296 516928
7 4 395904 479360
6 4 479360 516928
5 4 516928 528608
4 4 528608 531072
5 5 516960 528624
6 5 479424 516992
5 5 516992 528624
6 6 479488 517024
7 5 396032 479552
6 5 479552 517024
5 5 517024 528624
6 6 479616 517056
7 6 396160 479680
6 6 479680 517056
7 7 396288 479744
8 4 267776 396416
7 4 396416 479744
6 4 479744 517056
5 4 517056 528624
4 4 528624 531072
5 5 517088 528640
6 5 479808 517120
5 5 517120 528640
6 6 479872 517152
7 5 396544 479936
6 5 479936 517152
5 5 517152 528640
6 6 480000 517184
7 6 396672 480064
6 6 480064 517184
7 7 396800 480128
8 5 268032 396928
7 5 396928 480128
6 5 480128 517184
5 5 517184 528640
6 6 480192 517216
7 6 397056 480256
6 6 480256 517216
7 7 397184 480320
8 6 268288 397312
7 6 397312 480320
6 6 480320 517216
7 7 397440 480384
8 7 268544 397568
7 7 397568 480384
8 8 268800 397696
9 4 133632 269056
8 4 269056 397696
7 4 397696 480384
6 4 480384 517216
5 4 517216 528640
4 4 528640 531072
5 5 517248 528656
6 5 480448 517280
5 5 517280 528656
6 6 480512 517312
7 5 397824 480576
6 5 480576 517312
5 5 517312 528656
6 6 480640 517344
7 6 397952 480704
6 6 480704 517344
7 7 398080 480768
8 5 269312 398208
7 5 398208 480768
6 5 480768 517344
5 5 517344 528656
6 6 480832 517376
7 6 398336 480896
6 6 480896 517376
7 7 398464 480960
8 6 269568 398592
7 6 398592 480960
6 6 480960 517376
7 7 398720 481024
8 7 269824 398848
7 7 398848 481024
8 8 270080 398976
9 5 134144 270336
8 5 270336 398976
7 5 398976 481024
6 5 481024 517376
5 5 517376 528656
6 6 481088 517408
7 6 399104 481152
6 6 481152 517408
7 7 399232 481216
8 6 270592 399360
7 6 399360 481216
6 6 481216 517408
7 7 399488 481280
8 7 270848 399616
7 7 399616 481280
8 8 271104 399744
9 6 134656 271360
8 6 271360 399744
7 6 399744 481280
6 6 481280 517408
7 7 399872 481344
8 7 271616 400000
7 7 400000 481344
8 8 271872 400128
9 7 135168 272128
8 7 272128 400128
7 7 400128 481344
8 8 272384 400256
9 8 135680 272640
8 8 272640 400256
9 9 136192 272896
10 4 43008 136704
9 4 136704 272896
8 4 272896 400256
7 4 400256 481344
6 4 481344 517408
5 4 517408 528656
4 4 528656 531072
5 5 517440 528672
6 5 481408 517472
5 5 517472 528672
6 6 481472 517504
7 5 400384 481536
6 5 481536 517504
5 5 517504 528672
6 6 481600 517536
7 6 400512 481664
6 6 481664 517536
7 7 400640 481728
8 5 273152 400768
7 5 400768 481728
6 5 481728 517536
5 5 517536 528672
6 6 481792 517568
7 6 400896 481856
6 6 481856 517568
7 7 401024 481920
8 6 273408 401152
7 6 401152 481920
6 6 481920 517568
7 7 401280 481984
8 7 273664 401408
7 7 401408 481984
8 8 273920 401536
9 5 137216 274176
8 5 274176 401536
7 5 401536 481984
6 5 481984 517568
5 5 517568 528672
6 6 482048 517600
7 6 401664 482112
6 6 482112 517600
7 7 401792 482176
8 6 274432 401920
7 6 401920 482176
6 6 482176 517600
7 7 402048 482240
8 7 274688 402176
7 7 402176 482240
8 8 274944 402304
9 6 137728 275200
8 6 275200 402304
7 6 402304 482240
6 6 482240 517600
7 7 402432 482304
8 7 275456 402560
7 7 402560 482304
8 8 275712 402688
9 7 138240 275968
8 7 275968 402688
7 7 402688 482304
8 8 276224 402816
9 8 138752 276480
8 8 276480 402816
9 9 139264 276736
10 5 44032 139776
9 5 139776 276736
8 5 276736 402816
7 5 402816 482304
6 5 482304 517600
5 5 517600 528672
6 6 482368 517632
7 6 402944 482432
6 6 482432 517632
7 7 403072 482496
8 6 276992 403200
7 6 403200 482496
6 6 482496 517632
7 7 403328 482560
8 7 277248 403456
7 7 403456 482560
8 8 277504 403584
9 6 140288 277760
8 6 277760 403584
7 6 403584 482560
6 6 482560 517632
7 7 403712 482624
8 7 278016 403840
7 7 403840 482624
8 8 278272 403968
9 7 140800 278528
8 7 278528 403968
7 7 403968 482624
8 8 278784 404096
9 8 141312 279040
8 8 279040 404096
9 9 141824 279296
10 6 45056 142336
9 6 142336 279296
8 6 279296 404096
7 6 404096 482624
6 6 482624 517632
7 7 404224 482688
8 7 279552 404352
7 7 404352 482688
8 8 279808 404480
9 7 142848 280064
8 7 280064 404480
7 7 404480 482688
8 8 280320 404608
9 8 143360 280576
8 8 280576 404608
9 9 143872 280832
10 7 46080 144384
9 7 144384 280832
8 7 280832 404608
7 7 404608 482688
8 8 281088 404736
9 8 144896 281344
8 8 281344 404736
9 9 145408 281600
10 8 47104 145920
9 8 145920 281600
8 8 281600 404736
9 9 146432 281856
10 9 48128 146944
9 9 146944 281856
10 10 49152 147456
11 2 8192 50176
10 2 50176 147456
9 2 147456 281856
8 2 281856 404736
7 2 404736 482688
6 2 482688 517632
5 2 517632 528672
4 2 528672 531072
3 2 531072 531412
2 2 531412 531440
3 3 531080 531416
4 3 528688 531088
3 3 531088 531416
4 4 528704 531096
5 3 517664 528720
4 3 528720 531096
3 3 531096 531416
4 4 528736 531104
5 4 517696 528752
4 4 528752 531104
5 5 517728 528768
6 3 482752 517760
5 3 517760 528768
4 3 528768 531104
3 3 531104 531416
4 4 528784 531112
5 4 517792 528800
4 4 528800 531112
5 5 517824 528816
6 4 482816 517856
5 4 517856 528816
4 4 528816 531112
5 5 517888 528832
6 5 482880 517920
5 5 517920 528832
6 6 482944 517952
7 3 404864 483008
6 3 483008 517952
5 3 517952 528832
4 3 528832 531112
3 3 531112 531416
4 4 528848 531120
5 4 517984 528864
4 4 528864 531120
5 5 518016 528880
6 4 483072 518048
5 4 518048 528880
4 4 528880 531120
5 5 518080 528896
6 5 483136 518112
5 5 518112 528896
6 6 483200 518144
7 4 404992 483264
6 4 483264 518144
5 4 518144 528896
4 4 528896 531120
5 5 518176 528912
6 5 483328 518208
5 5 518208 528912
6 6 483392 518240
7 5 405120 483456
6 5 483456 518240
5 5 518240 528912
6 6 483520 518272
7 6 405248 483584
6 6 483584 518272
7 7 405376 483648
8 3 282112 405504
7 3 405504 483648
6 3 483648 518272
5 3 518272 528912
4 3 528912 531120
3 3 531120 531416
4 4 528928 531128
5 4 518304 528944
4 4 528944 531128
5 5 518336 528960
6 4 483712 518368
5 4 518368 528960
4 4 528960 531128
5 5 518400 528976
6 5 483776 518432
5 5 518432 528976
6 6 483840 518464
7 4 405632 483904
6 4 483904 518464
5 4 518464 528976
4 4 528976 531128
5 5 518496 528992
6 5 483968 518528
5 5 518528 528992
6 6 484032 518560
7 5 405760 484096
6 5 484096 518560
5 5 518560 528992
6 6 484160 518592
7 6 405888 484224
6 6 484224 518592
7 7 406016 484288
8 4 282368 406144
7 4 406144 484288
6 4 484288 518592
5 4 518592 528992
4 4 528992 531128
5 5 518624 529008
6 5 484352 518656
5 5 518656 529008
6 6 484416 518688
7 5 406272 484480
6 5 484480 518688
5 5 518688 529008
6 6 484544 518720
7 6 406400 484608
6 6 484608 518720
7 7 406528 484672
8 5 282624 406656
7 5 406656 484672
6 5 484672 518720
5 5 518720 529008
6 6 484736 518752
7 6 406784 484800
6 6 484800 518752
7 7 406912 484864
8 6 282880 407040
7 6 407040 484864
6 6 484864 518752
7 7 407168 484928
8 7 283136 407296
7 7 407296 484928
8 8 283392 407424
9 3 147968 283648
8 3 283648 407424
7 3 407424 484928
6 3 484928 518752
5 3 518752 529008
4 3 529008 531128
3 3 531128 531416
4 4 529024 531136
5 4 518784 529040
4 4 529040 531136
5 5 518816 529056
6 4 484992 518848
5 4 518848 529056
4 4 529056 531136
5 5 518880 529072
6 5 485056 518912
5 5 518912 529072
6 6 485120 518944
7 4 407552 485184
6 4 485184 518944
5 4 518944 529072
4 4 529072 531136
5 5 518976 529088
6 5 485248 519008
5 5 519008 529088
6 6 485312 519040
7 5 407680 485376
6 5 485376 519040
5 5 519040 529088
6 6 485440 519072
7 6 407808 485504
6 6 485504 519072
7 7 407936 485568
8 4 283904 408064
7 4 408064 485568
6 4 485568 519072
5 4 519072 529088
4 4 529088 531136
5 5 519104 529104
6 5 485632 519136
5 5 519136 529104
6 6 485696 519168
7 5 408192 485760
6 5 485760 519168
5 5 519168 529104
6 6 485824 519200
7 6 408320 485888
6 6 485888 519200
7 7 408448 485952
8 5 284160 408576
7 5 408576 485952
6 5 485952 519200
5 5 519200 529104
6 6 486016 519232
7 6 408704 486080
6 6 486080 519232
7 7 408832 486144
8 6 284416 408960
7 6 408960 486144
6 6 486144 519232
7 7 409088 486208
8 7 284672 409216
7 7 409216 486208
8 8 284928 409344
9 4 148480 285184
8 4 285184 409344
7 4 409344 486208
6 4 486208 519232
5 4 519232 529104
4 4 529104 531136
5 5 519264 529120
6 5 486272 519296
5 5 519296 529120
6 6 486336 519328
7 5 409472 486400
6 5 486400 519328
5 5 519328 529120
6 6 486464 519360
7 6 409600 486528
6 6 486528 519360
7 7 409728 486592
8 5 285440 409856
7 5 409856 486592
6 5 486592 519360
5 5 519360 529120
6 6 486656 519392
7 6 409984 486720
6 6 486720 519392
7 7 410112 486784
8 6 285696 410240
7 6 410240 486784
6 6 486784 519392
7 7 410368 486848
8 7 285952 410496
7 7 410496 486848
8 8 286208 410624
9 5 148992 286464
8 5 286464 410624
7 5 410624 486848
6 5 486848 519392
5 5 519392 529120
6 6 486912 519424
7 6 410752 486976
6 6 486976 519424
7 7 410880 487040
8 6 286720 411008
7 6 411008 487040
6 6 487040 519424
7 7 411136 487104
8 7 286976 411264
7 7 411264 487104
8 8 287232 411392
9 6 149504 287488
8 6 287488 411392
7 6 411392 487104
6 6 487104 519424
7 7 411520 487168
8 7 287744 411648
7 7 411648 487168
8 8 288000 411776
9 7 150016 288256
8 7 288256 411776
7 7 411776 487168
8 8 288512 411904
9 8 150528 288768
8 8 288768 411904
9 9 151040 289024
10 3 51200 151552
9 3 151552 289024
8 3 289024 411904
7 3 411904 487168
6 3 487168 519424
5 3 519424 529120
4 3 529120 531136
3 3 531136 531416
4 4 529136 531144
5 4 519456 529152
4 4 529152 531144
5 5 519488 529168
6 4 487232 519520
5 4 519520 529168
4 4 529168 531144
5 5 519552 529184
6 5 487296 519584
5 5 519584 529184
6 6 487360 519616
7 4 412032 487424
6 4 487424 519616
5 4 519616 529184
4 4 529184 531144
5 5 519648 529200
6 5 487488 519680
5 5 519680 529200
6 6 487552 519712
7 5 412160 487616
6 5 487616 519712
5 5 519712 529200
6 6 487680 519744
7 6 412288 487744
6 6 487744 519744
7 7 412416 487808
8 4 289280 412544
7 4 412544 487808
6 4 487808 519744
5 4 519744 529200
4 4 529200 531144
5 5 519776 529216
6 5 487872 519808
5 5 519808 529216
6 6 487936 519840
7 5 412672 488000
6 5 488000 519840
5 5 519840 529216
6 6 488064 519872
7 6 412800 488128
6 6 488128 519872
7 7 412928 488192
8 5 289536 413056
7 5 413056 488192
6 5 488192 519872
5 5 519872 529216
6 6 488256 519904
7 6 413184 488320
6 6 488320 519904
7 7 413312 488384
8 6 289792 413440
7 6 413440 488384
6 6 488384 519904
7 7 413568 488448
8 7 290048 413696
7 7 413696 488448
8 8 290304 413824
9 4 152064 290560
8 4 290560 413824
7 4 413824 488448
6 4 488448 519904
5 4 519904 529216
4 4 529216 531144
5 5 519936 529232
6 5 488512 519968
5 5 519968 529232
6 6 488576 520000
7 5 413952 488640
6 5 488640 520000
5 5 520000 529232
6 6 488704 520032
7 6 414080 488768
6 6 488768 520032
7 7 414208 488832
8 5 290816 414336
7 5 414336 488832
6 5 488832 520032
5 5 520032 529232
6 6 488896 520064
7 6 414464 488960
6 6 488960 520064
7 7 414592 489024
8 6 291072 414720
7 6 414720 489024
6 6 489024 520064
7 7 414848 489088
8 7 291328 414976
7 7 414976 489088
8 8 291584 415104
9 5 152576 291840
8 5 291840 415104
7 5 415104 489088
6 5 489088 520064
5 5 520064 529232
6 6 489152 520096
7 6 415232 489216
6 6 489216 520096
7 7 415360 489280
8 6 292096 415488
7 6 415488 489280
6 6 489280 520096
7 7 415616 489344
8 7 292352 415744
7 7 415744 489344
8 8 292608 415872
9 6 153088 292864
8 6 292864 415872
7 6 415872 489344
6 6 489344 520096
7 7 416000 489408
8 7 293120 416128
7 7 416128 489408
8 8 293376 416256
9 7 153600 293632
8 7 293632 416256
7 7 416256 489408
8 8 293888 416384
9 8 154112 294144
8 8 294144 416384
9 9 154624 294400
10 4 52224 155136
9 4 155136 294400
8 4 294400 416384
7 4 416384 489408
6 4 489408 520096
5 4 520096 529232
4 4 529232 531144
5 5 520128 529248
6 5 489472 520160
5 5 520160 529248
6 6 489536 520192
7 5 416512 489600
6 5 489600 520192
5 5 520192 529248
6 6 489664 520224
7 6 416640 489728
6 6 489728 520224
7 7 416768 489792
8 5 294656 416896
7 5 416896 489792
6 5 489792 520224
5 5 520224 529248
6 6 489856 520256
7 6 417024 489920
6 6 489920 520256
7 7 417152 489984
8 6 294912 417280
7 6 417280 489984
6 6 489984 520256
7 7 417408 490048
8 7 295168 417536
7 7 417536 490048
8 8 295424 417664
9 5 155648 295680
8 5 295680 417664
7 5 417664 490048
6 5 490048 520256
5 5 520256 529248
6 6 490112 520288
7 6 417792 490176
6 6 490176 520288
7 7 417920 490240
8 6 295936 418048
7 6 418048 490240
6 6 490240 520288
7 7 418176 490304
8 7 296192 418304
7 7 418304 490304
8 8 296448 418432
9 6 156160 296704
8 6 296704 418432
7 6 418432 490304
6 6 490304 520288
7 7 418560 490368
8 7 296960 418688
7 7 418688 490368
8 8 297216 418816
9 7 156672 297472
8 7 297472 418816
7 7 418816 490368
8 8 297728 418944
9 8 157184 297984
8 8 297984 418944
9 9 157696 298240
10 5 53248 158208
9 5 158208 298240
8 5 298240 418944
7 5 418944 490368
6 5 490368 520288
5 5 520288 529248
6 6 490432 520320
7 6 419072 490496
6 6 490496 520320
7 7 419200 490560
8 6 298496 419328
7 6 419328 490560
6 6 490560 520320
7 7 419456 490624
8 7 298752 419584
7 7 419584 490624
8 8 299008 419712
9 6 158720 299264
8 6 299264 419712
7 6 419712 490624
6 6 490624 520320
7 7 419840 490688
8 7 299520 419968
7 7 419968 490688
8 8 299776 420096
9 7 159232 300032
8 7 300032 420096
7 7 420096 490688
8 8 300288 420224
9 8 159744 300544
8 8 300544 420224
9 9 160256 300800
10 6 54272 160768
9 6 160768 300800
8 6 300800 420224
7 6 420224 490688
6 6 490688 520320
7 7 420352 490752
8 7 301056 420480
7 7 420480 490752
8 8 301312 420608
9 7 161280 301568
8 7 301568 420608
7 7 420608 490752
8 8 301824 420736
9 8 161792 302080
8 8 302080 420736
9 9 162304 302336
10 7 55296 162816
9 7 162816 302336
8 7 302336 420736
7 7 420736 490752
8 8 302592 420864
9 8 163328 302848
8 8 302848 420864
9 9 163840 303104
10 8 56320 164352
9 8 164352 303104
8 8 303104 420864
9 9 164864 303360
10 9 57344 165376
9 9 165376 303360
10 10 58368 165888
11 3 10240 59392
10 3 59392 165888
9 3 165888 303360
8 3 303360 420864
7 3 420864 490752
6 3 490752 520320
5 3 520320 529248
4 3 529248 531144
3 3 531144 531416
4 4 529264 531152
5 4 520352 529280
4 4 529280 531152
5 5 520384 529296
6 4 490816 520416
5 4 520416 529296
4 4 529296 531152
5 5 520448 529312
6 5 490880 520480
5 5 520480 529312
6 6 490944 520512
7 4 420992 491008
6 4 491008 520512
5 4 520512 529312
4 4 529312 531152
5 5 520544 529328
6 5 491072 520576
5 5 520576 529328
6 6 491136 520608
7 5 421120 491200
6 5 491200 520608
5 5 520608 529328
6 6 491264 520640
7 6 421248 491328
6 6 491328 520640
7 7 421376 491392
8 4 303616 421504
7 4 421504 491392
6 4 491392 520640
5 4 520640 529328
4 4 529328 531152
5 5 520672 529344
6 5 491456 520704
5 5 520704 529344
6 6 491520 520736
7 5 421632 491584
6 5 491584 520736
5 5 520736 529344
6 6 491648 520768
7 6 421760 491712
6 6 491712 520768
7 7 421888 491776
8 5 303872 422016
7 5 422016 491776
6 5 491776 520768
5 5 520768 529344
6 6 491840 520800
7 6 422144 491904
6 6 491904 520800
7 7 422272 491968
8 6 304128 422400
7 6 422400 491968
6 6 491968 520800
7 7 422528 492032
8 7 304384 422656
7 7 422656 492032
8 8 304640 422784
9 4 166400 304896
8 4 304896 422784
7 4 422784 492032
6 4 492032 520800
5 4 520800 529344
4 4 529344 531152
5 5 520832 529360
6 5 492096 520864
5 5 520864 529360
6 6 492160 520896
7 5 422912 492224
6 5 492224 520896
5 5 520896 529360
6 6 492288 520928
7 6 423040 492352
6 6 492352 520928
7 7 423168 492416
8 5 305152 423296
7 5 423296 492416
6 5 492416 520928
5 5 520928 529360
6 6 492480 520960
7 6 423424 492544
6 6 492544 520960
7 7 423552 492608
8 6 305408 423680
7 6 423680 492608
6 6 492608 520960
7 7 423808 492672
8 7 305664 423936
7 7 423936 492672
8 8 305920 424064
9 5 166912 306176
8 5 306176 424064
7 5 424064 492672
6 5 492672 520960
5 5 520960 529360
6 6 492736 520992
7 6 424192 492800
6 6 492800 520992
7 7 424320 492864
8 6 306432 424448
7 6 424448 492864
6 6 492864 520992
7 7 424576 492928
8 7 306688 424704
7 7 424704 492928
8 8 306944 424832
9 6 167424 307200
8 6 307200 424832
7 6 424832 492928
6 6 492928 520992
7 7 424960 492992
8 7 307456 425088
7 7 425088 492992
8 8 307712 425216
9 7 167936 307968
8 7 307968 425216
7 7 425216 492992
8 8 308224 425344
9 8 168448 308480
8 8 308480 425344
9 9 168960 308736
10 4 60416 169472
9 4 169472 308736
8 4 308736 425344
7 4 425344 492992
6 4 492992 520992
5 4 520992 529360
4 4 529360 531152
5 5 521024 529376
6 5 493056 521056
5 5 521056 529376
6 6 493120 521088
7 5 425472 493184
6 5 493184 521088
5 5 521088 529376
6 6 493248 521120
7 6 425600 493312
6 6 493312 521120
7 7 425728 493376
8 5 308992 425856
7 5 425856 493376
6 5 493376 521120
5 5 521120 529376
6 6 493440 521152
7 6 425984 493504
6 6 493504 521152
7 7 426112 493568
8 6 309248 426240
7 6 426240 493568
6 6 493568 521152
7 7 426368 493632
8 7 309504 426496
7 7 426496 493632
8 8 309760 426624
9 5 169984 310016
8 5 310016 426624
7 5 426624 493632
6 5 493632 521152
5 5 521152 529376
6 6 493696 521184
7 6 426752 493760
6 6 493760 521184
7 7 426880 493824
8 6 310272 427008
7 6 427008 493824
6 6 493824 521184
7 7 427136 493888
8 7 310528 427264
7 7 427264 493888
8 8 310784 427392
9 6 170496 311040
8 6 311040 427392
7 6 427392 493888
6 6 493888 521184
7 7 427520 493952
8 7 311296 427648
7 7 427648 493952
8 8 311552 427776
9 7 171008 311808
8 7 311808 427776
7 7 427776 493952
8 8 312064 427904
9 8 171520 312320
8 8 312320 427904
9 9 172032 312576
10 5 61440 172544
9 5 172544 312576
8 5 312576 427904
7 5 427904 493952
6 5 493952 521184
5 5 521184 529376
6 6 494016 521216
7 6 428032 494080
6 6 494080 521216
7 7 428160 494144
8 6 312832 428288
7 6 428288 494144
6 6 494144 521216
7 7 428416 494208
8 7 313088 428544
7 7 428544 494208
8 8 313344 428672
9 6 173056 313600
8 6 313600 428672
7 6 428672 494208
6 6 494208 521216
7 7 428800 494272
8 7 313856 428928
7 7 428928 494272
8 8 314112 429056
9 7 173568 314368
8 7 314368 429056
7 7 429056 494272
8 8 314624 429184
9 8 174080 314880
8 8 314880 429184
9 9 174592 315136
10 6 62464 175104
9 6 175104 315136
8 6 315136 429184
7 6 429184 494272
6 6 494272 521216
7 7 429312 494336
8 7 315392 429440
7 7 429440 494336
8 8 315648 429568
9 7 175616 315904
8 7 315904 429568
7 7 429568 494336
8 8 316160 429696
9 8 176128 316416
8 8 316416 429696
9 9 176640 316672
10 7 63488 177152
9 7 177152 316672
8 7 316672 429696
7 7 429696 494336
8 8 316928 429824
9 8 177664 317184
8 8 317184 429824
9 9 178176 317440
10 8 64512 178688
9 8 178688 317440
8 8 317440 429824
9 9 179200 317696
10 9 65536 179712
9 9 179712 317696
10 10 66560 180224
11 4 12288 67584
10 4 67584 180224
9 4 180224 317696
8 4 317696 429824
7 4 429824 494336
6 4 494336 521216
5 4 521216 529376
4 4 529376 531152
5 5 521248 529392
6 5 494400 521280
5 5 521280 529392
6 6 494464 521312
7 5 429952 494528
6 5 494528 521312
5 5 521312 529392
6 6 494592 521344
7 6 430080 494656
6 6 494656 521344
7 7 430208 494720
8 5 317952 430336
7 5 430336 494720
6 5 494720 521344
5 5 521344 529392
6 6 494784 521376
7 6 430464 494848
6 6 494848 521376
7 7 430592 494912
8 6 318208 430720
7 6 430720 494912
6 6 494912 521376
7 7 430848 494976
8 7 318464 430976
7 7 430976 494976
8 8 318720 431104
9 5 180736 318976
8 5 318976 431104
7 5 431104 494976
6 5 494976 521376
5 5 521376 529392
6 6 495040 521408
7 6 431232 495104
6 6 495104 521408
7 7 431360 495168
8 6 319232 431488
7 6 431488 495168
6 6 495168 521408
7 7 431616 495232
8 7 319488 431744
7 7 431744 495232
8 8 319744 431872
9 6 181248 320000
8 6 320000 431872
7 6 431872 495232
6 6 495232 521408
7 7 432000 495296
8 7 320256 432128
7 7 432128 495296
8 8 320512 432256
9 7 181760 320768
8 7 320768 432256
7 7 432256 495296
8 8 321024 432384
9 8 182272 321280
8 8 321280 432384
9 9 182784 321536
10 5 68608 183296
9 5 183296 321536
8 5 321536 432384
7 5 432384 495296
6 5 495296 521408
5 5 521408 529392
6 6 495360 521440
7 6 432512 495424
6 6 495424 521440
7 7 432640 495488
8 6 321792 432768
7 6 432768 495488
6 6 495488 521440
7 7 432896 495552
8 7 322048 433024
7 7 433024 495552
8 8 322304 433152
9 6 183808 322560
8 6 322560 433152
7 6 433152 495552
6 6 495552 521440
7 7 433280 495616
8 7 322816 433408
7 7 433408 495616
8 8 323072 433536
9 7 184320 323328
8 7 323328 433536
7 7 433536 495616
8 8 323584 433664
9 8 184832 323840
8 8 323840 433664
9 9 185344 324096
10 6 69632 185856
9 6 185856 324096
8 6 324096 433664
7 6 433664 495616
6 6 495616 521440
7 7 433792 495680
8 7 324352 433920
7 7 433920 495680
8 8 324608 434048
9 7 186368 324864
8 7 324864 434048
7 7 434048 495680
8 8 325120 434176
9 8 186880 325376
8 8 325376 434176
9 9 187392 325632
10 7 70656 187904
9 7 187904 325632
8 7 325632 434176
7 7 434176 495680
8 8 325888 434304
9 8 188416 326144
8 8 326144 434304
9 9 188928 326400
10 8 71680 189440
9 8 189440 326400
8 8 326400 434304
9 9 189952 326656
10 9 72704 190464
9 9 190464 326656
10 10 73728 190976
11 5 14336 74752
10 5 74752 190976
9 5 190976 326656
8 5 326656 434304
7 5 434304 495680
6 5 495680 521440
5 5 521440 529392
6 6 495744 521472
7 6 434432 495808
6 6 495808 521472
7 7 434560 495872
8 6 326912 434688
7 6 434688 495872
6 6 495872 521472
7 7 434816 495936
8 7 327168 434944
7 7 434944 495936
8 8 327424 435072
9 6 191488 327680
8 6 327680 435072
7 6 435072 495936
6 6 495936 521472
7 7 435200 496000
8 7 327936 435328
7 7 435328 496000
8 8 328192 435456
9 7 192000 328448
8 7 328448 435456
7 7 435456 496000
8 8 328704 435584
9 8 192512 328960
8 8 328960 435584
9 9 193024 329216
10 6 75776 193536
9 6 193536 329216
8 6 329216 435584
7 6 435584 496000
6 6 496000 521472
7 7 435712 496064
8 7 329472 435840
7 7 435840 496064
8 8 329728 435968
9 7 194048 329984
8 7 329984 435968
7 7 435968 496064
8 8 330240 436096
9 8 194560 330496
8 8 330496 436096
9 9 195072 330752
10 7 76800 195584
9 7 195584 330752
8 7 330752 436096
7 7 436096 496064
8 8 331008 436224
9 8 196096 331264
8 8 331264 436224
9 9 196608 331520
10 8 77824 197120
9 8 197120 331520
8 8 331520 436224
9 9 197632 331776
10 9 78848 198144
9 9 198144 331776
10 10 79872 198656
11 6 16384 80896
10 6 80896 198656
9 6 198656 331776
8 6 331776 436224
7 6 436224 496064
6 6 496064 521472
7 7 436352 496128
8 7 332032 436480
7 7 436480 496128
8 8 332288 436608
9 7 199168 332544
8 7 332544 436608
7 7 436608 496128
8 8 332800 436736
9 8 199680 333056
8 8 333056 436736
9 9 200192 333312
10 7 81920 200704
9 7 200704 333312
8 7 333312 436736
7 7 436736 496128
8 8 333568 436864
9 8 201216 333824
8 8 333824 436864
9 9 201728 334080
10 8 82944 202240
9 8 202240 334080
8 8 334080 436864
9 9 202752 334336
10 9 83968 203264
9 9 203264 334336
10 10 84992 203776
11 7 18432 86016
10 7 86016 203776
9 7 203776 334336
8 7 334336 436864
7 7 436864 496128
8 8 334592 436992
9 8 204288 334848
8 8 334848 436992
9 9 204800 335104
10 8 87040 205312
9 8 205312 335104
8 8 335104 436992
9 9 205824 335360
10 9 88064 206336
9 9 206336 335360
10 10 89088 206848
11 8 20480 90112
10 8 90112 206848
9 8 206848 335360
8 8 335360 436992
9 9 207360 335616
10 9 91136 207872
9 9 207872 335616
10 10 92160 208384
11 9 22528 93184
10 9 93184 208384
9 9 208384 335616
10 10 94208 208896
11 10 24576 95232
10 10 95232 208896
11 11 26624 96256
