# rem_bits first_diff input_index output_index
6 0 0 64
5 0 64 256
5 1 96 336
5 2 128 400
5 3 160 448
5 4 192 480
5 5 224 496
4 0 256 496
4 1 272 528
4 2 288 552
4 3 304 568
4 4 320 576
4 1 336 576
4 2 352 600
4 3 368 616
4 4 384 624
4 2 400 624
4 3 416 640
4 4 432 648
4 3 448 648
4 4 464 656
4 4 480 656
3 0 496 656
3 1 504 668
3 2 512 676
3 3 520 680
3 1 528 680
3 2 536 688
3 3 544 692
3 2 552 692
3 3 560 696
3 3 568 696
3 1 576 696
3 2 584 704
3 3 592 708
3 2 600 708
3 3 608 712
3 3 616 712
3 2 624 712
3 3 632 716
3 3 640 716
3 3 648 716
2 0 656 716
2 1 660 720
2 2 664 722
2 1 668 722
2 2 672 724
2 2 676 724
2 1 680 724
2 2 684 726
2 2 688 726
2 2 692 726
2 1 696 726
2 2 700 728
2 2 704 728
2 2 708 728
2 2 712 728
1 0 716 728
1 1 718 729
1 1 720 729
1 1 722 729
1 1 724 729
1 1 726 729
0 0 728 729
